4.630630509432321351e-01
7.719407186850030245e-01
7.724003349404222618e-01
7.724381235338397822e-01
7.726528905849997519e-01
7.721069421882250650e-01
7.727701131052370220e-01
7.732408578756823081e-01
7.739228688330195283e-01
7.743335301084313116e-01
7.738640943744310441e-01
7.741617292392676264e-01
7.735940977601947210e-01
7.707360774578034812e-01
7.746396147480698602e-01
7.700928626449980996e-01
7.786386804934369854e-01
7.805597757484652455e-01
7.630887094462296405e-01
7.562057374948957245e-01
7.289321465812471645e-01
7.601234825909343185e-01
7.684622033886268078e-01
6.658181513404984875e-01
6.671285399735314980e-01
6.818159868203540475e-01
5.958968678416484144e-01
5.968512712720281943e-01
5.363370272975296338e-01
5.367238257714207483e-01
4.864025485764491563e-01
4.166216905979425733e-01
4.547110244640950039e-01
5.287985895302500516e-01
5.564281454656189174e-01
5.797758676893910446e-01
5.906273873578392619e-01
5.643465902269930723e-01
6.037134027060561126e-01
5.829187092481137311e-01
5.978732120724189469e-01
5.942865744756083979e-01
6.075985180246342710e-01
5.969395114484693510e-01
6.188715883967357279e-01
6.044342975580837551e-01
5.332495352106467745e-01
5.454743043134776537e-01
4.580922965350016640e-01
4.579115737101544514e-01
4.971436077220939276e-01
4.437677167146020785e-01
4.366489248574637050e-01
4.147468877717438995e-01
4.248179336142447471e-01
4.340591730221752265e-01
4.423113101136740277e-01
4.464708492954277408e-01
4.502295350697602672e-01
4.350646230331421394e-01
4.332326198414821472e-01
4.242023418088586850e-01
4.439186448867944446e-01
4.623519376023595417e-01
4.699393410279966710e-01
4.196582573663084070e-01
4.626293190974941072e-01
4.248650240777349096e-01
7.871590217567151493e-01
5.380038008412231232e-01
4.524828047768882922e-01
4.318356213280230560e-01
4.257102111790826982e-01
4.308430998313432791e-01
4.771899352868821942e-01
4.469860516522416449e-01
4.567534518404951505e-01
4.065176201079967466e-01
4.310362767502993186e-01
4.524642330851566530e-01
4.764380240686255652e-01
4.920695656671705831e-01
5.354094271109686165e-01
6.100807571971322840e-01
4.436999504059924715e-01
4.422449608074741634e-01
4.463999423128365840e-01
4.487106367168297028e-01
4.488684915358547856e-01
4.539859081152998743e-01
4.380219081752813604e-01
4.331805230840858889e-01
4.215497055041649843e-01
4.223589860479899927e-01
4.221849986503847241e-01
4.183733276457645700e-01
4.209890257484729115e-01
4.220276934622741449e-01
4.238767638937848692e-01
4.243596217241811241e-01
4.239706846026367049e-01
4.214366075940216283e-01
4.258720265385361192e-01
4.205641677278735280e-01
4.194168106619979852e-01
4.232203918047249824e-01
4.197189666413640996e-01
4.016237066162098301e-01
4.206312289438255969e-01
4.259528434130166463e-01
4.275090849818952154e-01
4.294809839897889003e-01
4.248947556605223164e-01
4.288275556854532211e-01
4.306014288930573031e-01
4.328246571123320341e-01
4.372243496338982793e-01
4.333950220102764650e-01
4.419351962740991624e-01
4.410016963668978440e-01
4.601294499947636285e-01
4.483270369268755329e-01
4.553765976669672533e-01
4.785670451319481988e-01
4.754481728905048943e-01
4.631332463452116355e-01
4.657461484997760248e-01
4.724299873708613373e-01
4.713310837480177429e-01
4.658506698174862959e-01
4.739609988182449385e-01
4.845041755807960038e-01
4.677846244900187855e-01
4.670304986787485180e-01
4.758939565046654274e-01
4.821137122037537637e-01
4.895381737069567918e-01
4.898182722706370673e-01
4.861632610719551217e-01
4.857440854930399343e-01
4.864083638861975700e-01
4.812030724176279972e-01
4.664551712315924692e-01
4.548657127737551487e-01
4.635451847389616131e-01
4.435795688501274481e-01
4.367423981749440909e-01
4.580881751466979179e-01
4.289502488402681668e-01
4.198529162592419817e-01
3.889865166851240730e-01
4.476790034239092608e-01
4.058073727863739100e-01
3.658138728279168306e-01
3.431324997384261333e-01
3.839655144438717804e-01
4.376365057315819151e-01
4.816422905344666661e-01
4.307331233418358885e-01
4.575388177045444649e-01
4.202634855728517027e-01
4.182251197736979176e-01
4.592721331334899681e-01
5.052335828024233644e-01
4.624249980356056056e-01
5.059611943428652392e-01
4.214600151232890113e-01
4.649481021918829282e-01
4.159712573561277771e-01
4.274556341541523863e-01
4.684803729530112038e-01
4.278919079520264179e-01
4.266413130526061082e-01
4.664474398694853363e-01
4.335205714914189823e-01
4.733270749321397131e-01
4.278307797831907844e-01
4.710738755532604682e-01
4.298969629425723471e-01
4.715099976754819067e-01
4.273443453941043191e-01
4.816840257144479054e-01
4.373770095630156174e-01
4.676586365307286441e-01
4.758284057995254557e-01
4.438400315289628417e-01
4.141185357813293444e-01
4.127097868094900535e-01
4.089193283116707156e-01
4.076776618044884448e-01
4.006486093344327482e-01
4.120859925166693860e-01
4.043104840756293616e-01
4.078492038551619348e-01
4.068625190647248702e-01
4.135819994526441223e-01
4.222603832296259463e-01
4.170975932291589583e-01
4.184352767700410536e-01
4.306552298456340355e-01
4.694116152993598745e-01
4.308622121277408401e-01
4.306182056802973501e-01
4.328915764130563670e-01
4.349831989562973900e-01
4.318080858089599627e-01
4.332403672961739338e-01
4.306663835728810619e-01
4.272880078254775449e-01
4.257845248817757611e-01
4.502589656169358467e-01
4.342419993628738872e-01
4.361265654491080501e-01
4.465677903809818772e-01
4.550254205480785408e-01
4.475336370794057994e-01
4.437191566973496815e-01
4.554871919041156847e-01
4.530373315346606922e-01
4.372565251890459526e-01
4.685462126643784031e-01
4.882167720883039963e-01
4.654949812192283320e-01
4.756039576502980037e-01
5.159971405660229715e-01
4.614598754849004725e-01
5.061009726935947750e-01
4.554428881750600122e-01
4.890666565528282717e-01
4.902251415191452577e-01
4.980880895532862618e-01
4.871912078279211911e-01
5.032720791777145486e-01
4.822804507571221699e-01
4.778581109027862928e-01
4.804700936631079444e-01
4.792392778270782028e-01
4.678178391924206481e-01
4.586143841737250204e-01
5.003131758375993776e-01
5.471139203597119582e-01
5.562588215340216191e-01
5.173031615984741149e-01
6.282004165714636379e-01
6.094749717117352583e-01
5.253269594615488369e-01
5.534308662468686579e-01
5.201874405690586345e-01
4.701718575887057772e-01
4.646547327275661332e-01
4.720496885413376087e-01
4.704329557108328785e-01
4.761372108418948645e-01
4.865927369893938703e-01
4.935241439595063895e-01
4.838676335205081003e-01
4.952645015826023234e-01
5.016903013045458382e-01
4.915812982883532301e-01
4.951051137027921434e-01
5.058233567148938681e-01
5.045353571678118376e-01
4.942832328965733324e-01
4.741673497994392528e-01
4.787004384322672279e-01
4.876026745790961736e-01
4.897203514085378129e-01
4.884714819016715559e-01
5.319366187217964281e-01
5.369343638910374361e-01
5.265327757611145687e-01
5.327082350811659373e-01
5.299545990652426708e-01
5.364303897672693111e-01
5.191853940989880067e-01
5.297028956142119105e-01
5.350487866407070969e-01
5.368401731687854062e-01
5.471734532446680399e-01
5.464233379069811658e-01
5.401370111528863704e-01
5.448556794823012916e-01
5.574295810880692814e-01
5.553121673290662974e-01
5.544583406226526456e-01
5.603908967168087507e-01
5.596412339130728553e-01
6.215485749401472582e-01
6.114909011943491235e-01
5.967369275317858657e-01
6.118914360912787176e-01
6.090438443904289123e-01
5.924354693411324480e-01
5.775328668522987652e-01
5.642026660881710454e-01
6.437327339656971903e-01
6.373079560261926124e-01
6.385460687184727480e-01
6.289237434964973783e-01
6.483997586123040335e-01
6.244615924218921421e-01
6.256336619698420476e-01
6.309692014805510230e-01
6.216063821771762310e-01
6.405855909648123792e-01
6.684340373509561894e-01
6.805582606537005086e-01
6.570403657256911334e-01
6.565433810173875173e-01
6.700797339860978807e-01
6.799676143468933454e-01
6.747020906403058405e-01
6.655174314441207883e-01
6.402822007483943700e-01
5.739298668742036647e-01
5.546358962443088680e-01
5.570201137740954378e-01
5.630645971675037886e-01
5.551451387779409163e-01
5.059329297719404872e-01
5.038621649821782844e-01
5.101773135994174257e-01
5.553853974024405282e-01
5.029557338111509956e-01
5.108019618454562316e-01
4.467341295266181178e-01
4.732194019906268423e-01
4.718404248256309885e-01
4.830626166316300263e-01
4.750360106193987630e-01
4.863022325583124528e-01
4.930947523827777235e-01
4.883603188522471217e-01
4.930882022490720717e-01
4.944912460435400003e-01
4.931084048822056976e-01
4.864920525220240433e-01
4.867281075656207379e-01
4.755769686853585365e-01
4.853211244430011284e-01
4.710391827198343595e-01
4.745690218612801936e-01
4.805664576134383581e-01
4.831554603222145139e-01
4.817419575700958023e-01
4.930163823834731729e-01
4.846141696995748815e-01
4.898161214827672083e-01
4.891225137264946787e-01
4.903316630162051215e-01
4.878137464521707933e-01
4.971075857268669185e-01
4.988359290078854258e-01
4.978109375001759651e-01
5.047465327749128816e-01
5.129645595712631900e-01
4.556977628573348760e-01
4.522037498297977742e-01
4.656441792444483974e-01
4.588282258753668685e-01
4.677080458893399517e-01
4.651725467022025939e-01
4.761454913150836021e-01
4.800370024537919389e-01
4.722047834117459875e-01
4.857633932717422276e-01
4.892272318762551642e-01
4.936755077761806887e-01
4.937267407763348270e-01
5.008393538413072887e-01
5.081110532761529130e-01
5.056656509685083511e-01
5.164710982764494362e-01
5.197397398887880771e-01
5.150918602487477571e-01
5.219547757374984887e-01
5.130257398225365195e-01
5.133718656993314644e-01
5.178308946690780568e-01
5.082686556821786050e-01
5.009476706678532842e-01
5.030632166439400477e-01
5.070145680834017288e-01
5.174786435032315834e-01
5.125972933920118768e-01
5.153390958329658877e-01
5.130513343272435911e-01
5.066245717794320980e-01
5.059152181241919344e-01
5.021812808761999536e-01
5.040442235972201201e-01
5.052181666170529883e-01
5.432598823250313069e-01
5.312493847875765507e-01
5.388745784746038492e-01
5.398316590989696850e-01
5.424906335614131381e-01
5.367431127665994728e-01
5.610142174815192506e-01
5.561256468081613447e-01
5.804453596506095048e-01
5.881324075747732527e-01
5.481433589922002358e-01
5.199651416451266384e-01
5.234963537586375670e-01
5.147641088169061518e-01
5.120309190674211530e-01
5.226322840293597949e-01
5.616607953604211279e-01
5.680060414929845036e-01
6.257623371928375811e-01
6.313269489045388871e-01
5.900771843001401118e-01
6.045788746747954301e-01
6.058259209904180986e-01
6.069332055829749217e-01
5.810141962598958099e-01
5.846226764279687238e-01
5.862113278621785550e-01
6.027583345051333863e-01
6.072868995646967250e-01
6.188728798058595881e-01
6.024731688891517001e-01
5.765750159944931230e-01
5.434517753777393656e-01
5.321231406089187432e-01
5.228188080805132865e-01
5.226764964742626196e-01
4.995842140320338465e-01
4.860092917180655614e-01
4.815771075812477209e-01
4.524808933954862500e-01
4.144009932883007119e-01
4.129637234091301790e-01
4.157363727621875005e-01
4.007778335107210488e-01
3.578793200441889866e-01
3.579837398879200383e-01
3.635771528120637641e-01
4.003085189064652383e-01
3.961180659783283819e-01
4.455803855872491614e-01
4.524152079791015635e-01
4.311710724394864913e-01
4.498580008483223369e-01
4.736978611966812247e-01
4.827004970326617128e-01
4.956165869074122265e-01
4.991831032555814618e-01
4.956565333257153538e-01
4.988324027895327251e-01
5.016402537644635284e-01
5.062521259816868957e-01
5.071738886677648050e-01
5.044257972050386618e-01
5.070628384356059559e-01
5.054841431526779783e-01
5.015893368060195812e-01
4.916662411383928566e-01
4.750363845934603146e-01
4.799931554157377822e-01
4.886628794682986165e-01
4.930268324412466763e-01
5.037988183867373460e-01
5.082082260191903567e-01
5.222215189685999182e-01
5.230843832008853500e-01
5.165094734201927107e-01
5.123837570206724035e-01
5.105339453399608818e-01
5.104837829202539812e-01
5.154610161591417494e-01
5.229744202338897363e-01
5.129599406234144343e-01
5.055292761292174974e-01
4.965466730982965871e-01
5.087655094160536962e-01
5.091915575976575514e-01
5.154794499800983143e-01
5.037668668061858757e-01
5.280878790480645346e-01
5.236094476802080067e-01
5.147992567627364124e-01
5.231943850227637194e-01
5.265247306466876998e-01
5.372398476594260064e-01
5.360304206242716418e-01
5.199437444558497878e-01
5.296278294381353557e-01
5.266686195598989650e-01
5.116537500654152471e-01
5.148089693435152769e-01
5.320646864599981596e-01
5.141532164845477038e-01
5.174506892160415372e-01
5.011807639253131885e-01
5.009349979855729496e-01
5.105450602473884381e-01
5.030723888986182724e-01
5.137800640221394932e-01
5.198016245939077740e-01
5.040345176076950207e-01
5.180707155878090386e-01
5.183723881777203557e-01
5.216937849880862732e-01
5.173925391210082436e-01
5.101209052221248319e-01
5.125960605903728817e-01
5.192825674823707827e-01
5.313949245642022312e-01
5.704066480682234985e-01
5.794560656398933807e-01
5.843681919507017763e-01
6.069805146508822080e-01
5.750175954988562266e-01
5.657438134372123617e-01
5.616191432859317656e-01
5.907525129423587540e-01
5.953106293052506937e-01
6.041254936016853261e-01
6.318159914580340208e-01
6.281397240426895845e-01
5.688648136905392061e-01
6.546302817611479030e-01
6.582609004747346226e-01
7.004387053827152432e-01
6.676846311043436177e-01
6.836712255952883677e-01
6.924019621577163219e-01
7.177496089355213105e-01
6.247096015126374358e-01
7.094738051288568270e-01
7.055211673024622820e-01
7.000114662861908199e-01
7.215650715071546539e-01
7.216673602905535612e-01
7.189085526036489426e-01
7.094151950809974849e-01
6.934464767814241259e-01
6.985511068959896486e-01
7.051440887822874037e-01
7.074999698360363576e-01
6.994864360518585622e-01
6.972369355707694893e-01
6.909848253128316742e-01
6.913811757906324074e-01
6.851009777572482085e-01
6.969790614853434985e-01
6.971792172588830994e-01
6.963084677836276493e-01
6.936614678714835280e-01
7.047718502385895700e-01
7.020417630970511302e-01
6.948660348006853171e-01
6.954457415532182551e-01
6.940335636100805061e-01
6.961593740045690648e-01
7.029359327355420017e-01
7.095470986316069206e-01
7.105749679042625555e-01
7.100717261932726343e-01
7.097032004636046887e-01
7.108529602610692555e-01
7.096021680861637204e-01
7.027504185229889178e-01
7.017743038893973218e-01
6.966535786496116378e-01
6.891201032468440291e-01
6.870576793464806542e-01
6.877187101127127944e-01
6.787745509024271096e-01
6.884857067852886425e-01
6.936784905924608946e-01
6.883563290252404654e-01
6.823700197692398328e-01
6.775148162697666177e-01
6.715610616223320894e-01
6.487887513882967250e-01
6.251559421985822818e-01
6.417016569124227576e-01
6.785602026094499362e-01
6.820743626672461923e-01
6.938429537592609719e-01
7.044022263945972639e-01
6.957440947449450297e-01
6.868328537856065452e-01
6.931887121481644654e-01
6.947165075709484938e-01
6.927837804360964524e-01
6.803704298180132115e-01
7.028123900022148485e-01
7.055208940584882793e-01
7.050585028695665057e-01
7.133764826252555480e-01
6.999538840549398566e-01
6.862238229342285667e-01
6.791974660556562293e-01
6.465095772774199778e-01
6.452339463340454051e-01
6.236185946637231581e-01
6.356573852847374750e-01
6.405039168257349314e-01
6.500711069786750951e-01
6.685806600582003822e-01
7.072884835424436689e-01
7.141863327317786725e-01
7.260624289304569157e-01
7.262063401337413016e-01
7.267719763995891258e-01
7.270824955431570702e-01
7.151626548704336228e-01
5.716535212395733589e-01
4.796597590802690880e-01
4.558975048264462537e-01
5.116473406126279544e-01
5.224104464157672822e-01
5.294732995943981502e-01
5.496743430555350862e-01
4.271698283607675006e-01
5.007298467297596201e-01
4.949364512920043646e-01
5.117613732650740932e-01
5.453191232234302355e-01
6.991913494888903902e-01
7.014872970271640584e-01
7.138656397453547742e-01
6.646432610714068101e-01
7.395163135124530607e-01
7.250193370889685962e-01
7.301016588276123542e-01
7.308734025533397682e-01
7.264071369370646014e-01
7.284539803328814456e-01
7.178906189624455481e-01
7.233617941843520915e-01
7.100882445762202178e-01
7.060717358200097049e-01
6.711458079993776193e-01
6.532763372611861685e-01
6.418971048502951637e-01
6.444065680477036873e-01
6.546051280911261427e-01
7.047692738293103165e-01
7.153396726256124882e-01
7.152432117225353547e-01
7.055906949846282306e-01
6.875376615213258935e-01
6.755919262407530379e-01
6.824629888599008654e-01
6.665716977850981717e-01
6.643699532907880734e-01
6.571881743458581893e-01
6.461342043753640629e-01
6.500605856685118811e-01
6.671341112699333831e-01
6.990393531351414280e-01
7.135934378573951520e-01
7.262654817844095279e-01
7.156138628427735071e-01
7.052430247575623978e-01
6.981205257481509774e-01
5.913874949841061435e-01
5.802601196506294023e-01
5.130617143910284339e-01
5.618537161971393079e-01
5.036480773121181365e-01
5.030276198478956795e-01
6.057554211795721510e-01
5.513407500597298228e-01
6.129150795114060024e-01
6.550051410890793679e-01
6.677671477638051911e-01
5.712109834890868321e-01
6.276378177920831636e-01
5.548281781852413275e-01
6.275272766480117781e-01
5.641265981528976736e-01
5.406249726808638467e-01
5.283888419670096370e-01
4.609669699630757345e-01
5.311129546277608693e-01
4.880105786847160898e-01
5.721073803760857723e-01
5.326769337488638234e-01
5.383271507740816642e-01
5.384410362472353828e-01
5.381777777013730946e-01
5.327543540013404133e-01
4.674139967200558465e-01
5.041717188170800057e-01
4.742649486758936384e-01
4.338870518810695187e-01
4.318457541116812459e-01
4.369424943478490975e-01
4.439052626052139572e-01
4.593766980772931441e-01
4.657576950939596450e-01
4.616999575442587989e-01
4.640342194333184622e-01
5.135042786286554417e-01
4.750834205078477424e-01
5.097513590430655661e-01
4.904173712167618771e-01
5.049201492412866976e-01
4.772102099450874491e-01
5.084368815324679103e-01
4.359878860127708311e-01
4.790209820894834047e-01
4.265213717786048297e-01
4.487971116691122364e-01
4.727876445617157364e-01
5.308956754551513724e-01
5.118686253651809626e-01
4.679686174014550670e-01
4.725466086384695341e-01
4.698095473680325429e-01
4.664829300431943548e-01
4.585417307426675193e-01
4.558953343998908836e-01
5.421460040563972349e-01
4.465235886122846387e-01
5.015746649126296974e-01
5.072923688847242873e-01
5.248314118511610005e-01
5.265467719658341039e-01
5.249285485649697325e-01
4.782341126522126618e-01
5.279008690027845452e-01
4.707602019967980778e-01
4.443426631280402161e-01
4.807450870479887395e-01
4.571090488222812054e-01
5.065676310964372098e-01
4.696637998716275963e-01
4.777480924126152884e-01
4.948749685036949453e-01
5.116259467472021871e-01
4.692184805545592252e-01
5.190098117238082231e-01
4.692782647262830897e-01
4.731632770277350852e-01
5.130750328241283631e-01
5.104221569253999391e-01
4.993654842498727042e-01
4.358735944149123021e-01
4.646575672395769629e-01
4.147333445364973503e-01
4.601626770398167809e-01
4.712687025369292071e-01
4.250552232967063082e-01
4.312032173512296285e-01
4.501527199383402178e-01
4.569219564594967919e-01
5.052151627098961928e-01
4.597716391039973760e-01
4.630193115479329657e-01
5.015654004847991398e-01
5.027397717946906486e-01
4.096916923013229073e-01
4.365469534097632387e-01
4.363867458511615505e-01
3.886818663463378898e-01
3.841817878720251156e-01
4.239708206966741333e-01
3.891270294910473271e-01
4.164829634684611981e-01
4.527560226480517036e-01
4.547549927602991260e-01
4.525293918001803695e-01
4.578630201030628455e-01
4.548114407467800380e-01
4.502021467502295704e-01
4.480026927015087757e-01
4.038395801838312038e-01
3.988668351157478864e-01
3.867185053289202146e-01
4.233528232328236385e-01
3.819061349380201142e-01
3.954987999169183865e-01
4.502712295319892255e-01
4.160631480096799728e-01
4.222546848299185140e-01
4.689633761908117426e-01
4.322279887219812600e-01
4.889390298763242049e-01
4.738272391821312102e-01
4.401621051795839290e-01
4.264184461419099903e-01
4.194555879756116656e-01
4.217111569298494511e-01
4.058348085969941121e-01
3.981582126360347362e-01
4.026245964400382849e-01
4.126190824190390516e-01
4.160107227372979444e-01
4.335170308344347134e-01
4.495252308861779067e-01
4.448765228414091055e-01
4.554722324943377143e-01
4.414405226885400602e-01
4.392952784664665433e-01
4.371958866080448147e-01
4.761513954473004517e-01
4.280820490309873438e-01
4.218127020360453727e-01
4.273284778443786069e-01
4.241016217886952044e-01
4.606222843565708769e-01
4.687648245636872324e-01
4.693140252827896486e-01
4.774028587801338319e-01
4.378364516528467365e-01
4.510924817538715659e-01
4.555411694739395223e-01
4.525672210038713117e-01
4.560598831513179019e-01
4.434542227931068115e-01
4.418383834811945299e-01
4.328133823972685756e-01
4.307046866777384797e-01
4.196081328782172437e-01
3.947088093570167433e-01
4.101668991476749571e-01
4.146009633466486988e-01
4.218361564251472129e-01
4.229597357535259672e-01
4.240974746318316169e-01
4.062855049640980432e-01
4.057880990659150644e-01
4.089260550612747735e-01
4.184771910028112774e-01
4.482036308451764484e-01
4.505582225396440599e-01
4.554430773595905535e-01
4.337734106842917048e-01
4.321984512428966307e-01
4.272772628302664022e-01
4.303691380379625619e-01
4.544158554068535305e-01
4.528373366023533131e-01
4.676566193370855218e-01
4.487561131230292655e-01
4.465773308919162576e-01
4.472184186608001988e-01
4.414635251777171976e-01
4.397961691378242666e-01
4.505305736656752269e-01
4.260119535984620565e-01
4.495078216107506464e-01
4.478908718518051502e-01
4.497947314020378506e-01
4.497224027192001095e-01
4.522623417151819258e-01
4.451717854953316511e-01
4.451365411001890204e-01
4.480151323558683729e-01
4.480505070997448658e-01
4.574104491410315165e-01
4.648037638037647024e-01
4.689867142887011453e-01
4.682089658446910718e-01
4.671820926071383884e-01
4.607972327961692982e-01
4.722714260975835465e-01
4.616977573801961388e-01
4.690084056750223329e-01
4.668336673071561971e-01
4.703408336465209061e-01
4.731954826468549036e-01
4.705560595601410157e-01
4.701232729129203869e-01
4.707635922837489217e-01
4.683780725894639563e-01
4.718549140123082242e-01
4.751207516512805373e-01
4.718028754029912064e-01
4.713676438504462163e-01
4.696471258822229600e-01
4.718944786003833602e-01
4.773964804867885658e-01
4.784699498018352704e-01
4.822046562362838351e-01
4.763632805778085788e-01
4.754430328669181360e-01
4.937744525452867905e-01
4.917212863970334968e-01
5.033486158391383691e-01
5.073742957814195709e-01
5.193592805529160250e-01
5.169728855965276537e-01
5.187378112281185727e-01
5.157764314179514864e-01
5.071407669376165606e-01
5.062197317739614011e-01
5.156722973233551777e-01
5.214932674128646140e-01
5.168973802959248021e-01
5.179544064569467920e-01
5.190642749374172471e-01
5.261421640560000057e-01
5.277957803974598905e-01
5.308714413153511336e-01
5.359424357189089827e-01
5.375075579148193006e-01
5.309820176277426640e-01
5.278410629955466726e-01
5.271290201177113444e-01
5.296794960316519862e-01
5.330492234892235670e-01
5.305403766339292781e-01
5.285971310846742099e-01
5.282911570523824984e-01
5.305106569911831604e-01
5.305565739235430511e-01
5.281043894856446430e-01
5.830034588657967420e-01
7.244251184401973020e-01
7.194714440933303035e-01
6.009479372578629963e-01
5.305056033187757203e-01
4.501027162508904889e-01
5.169687850594711920e-01
4.528560795880796075e-01
4.218667052504367354e-01
4.115521592374985493e-01
4.240832774202781263e-01
4.416348554471443144e-01
4.556310468963214455e-01
4.280285429365728866e-01
4.273716667594961716e-01
4.693942543385461463e-01
4.768678840308782085e-01
5.843865083002054428e-01
5.883233918359307424e-01
5.827337772188557752e-01
5.740661378747322630e-01
5.829350878021508642e-01
5.859799302946072652e-01
5.794412831927139296e-01
5.933654925446959494e-01
5.898083798069053696e-01
5.837471613074002308e-01
5.779807597632790062e-01
5.751240204059384631e-01
5.772234043721907737e-01
5.799737605315424815e-01
5.858672952009913448e-01
5.684762093994418786e-01
5.645161821503443811e-01
5.685335323007874031e-01
5.544102786231115410e-01
5.230823242206811274e-01
4.945901447998014566e-01
4.997670937675391389e-01
5.222450980320568759e-01
5.211323140755065308e-01
5.457286621391621573e-01
5.694863067108593135e-01
5.737717809706228689e-01
5.937655221280671025e-01
5.960225727539829599e-01
6.062323631230802645e-01
6.040244068025518720e-01
5.953116371920059713e-01
6.018540623821688751e-01
6.007921075001503297e-01
5.783922354446419112e-01
5.956379698140276124e-01
6.138536689263095480e-01
5.959517489836869686e-01
6.087393481030544118e-01
6.024705891025896598e-01
6.100482760535195226e-01
6.075476479021300058e-01
6.121346684095383406e-01
5.989845072910557899e-01
6.061369715770683619e-01
6.184069607155590065e-01
6.182924436284020775e-01
6.114427201422288904e-01
6.181409659148557889e-01
6.015152126147469414e-01
6.109205437621789692e-01
6.154286847500323177e-01
6.186834857142161637e-01
6.208381725984049027e-01
6.258542989512261290e-01
6.325142468949570551e-01
6.227822899874398965e-01
6.210998941703727017e-01
6.108950665314488715e-01
6.204688504412612104e-01
6.329714654836311460e-01
6.368134892818356763e-01
6.432522792814235890e-01
6.431154831370993197e-01
6.368741901227387148e-01
6.360866638096704939e-01
6.357436091678171364e-01
6.428108131476765186e-01
