6.388575659813736651e-01
5.878180851744787550e-01
6.393640573605817723e-01
6.576384614509100945e-01
6.504456228617044866e-01
6.495102594448733946e-01
6.520047237186322731e-01
6.489097144252302662e-01
6.524647158168949135e-01
6.566553981694615016e-01
6.624071779180504826e-01
6.418588681886157055e-01
6.512322638985961198e-01
6.445075602189259678e-01
6.425698400063332150e-01
6.648529732313682716e-01
6.783085280688930796e-01
6.808798478853607117e-01
6.591025328364694680e-01
6.638309867465399527e-01
6.506894490327265190e-01
6.439076074319788345e-01
6.589951695544103982e-01
6.500652574978290632e-01
6.567567570066397131e-01
6.463584516569981231e-01
6.499050055074347965e-01
6.484938783369339488e-01
6.434278839741324196e-01
6.427924210057142096e-01
6.461103250396336151e-01
6.645869386662835998e-01
6.843842271972131464e-01
6.702405175130464743e-01
6.637311955284335152e-01
6.660645697178118052e-01
6.585512623298535040e-01
6.649695743560566363e-01
6.721796394166845712e-01
6.662031681845540509e-01
6.692621746842658537e-01
6.894655367988452577e-01
6.777918218302390052e-01
6.626838827210069782e-01
6.612446529941714557e-01
6.623907852809457486e-01
6.787119132506891361e-01
6.628201783465109687e-01
6.545169951897439331e-01
6.524594225957401905e-01
6.607511817363508344e-01
6.779326947061961040e-01
6.915945826780369732e-01
6.911204784053379679e-01
6.894989785806302507e-01
6.721459916876978413e-01
6.672560963322795580e-01
6.853301097736778091e-01
6.727808987376570071e-01
6.710524464527790611e-01
6.671429937182596914e-01
6.638352190826253274e-01
6.656318694358300814e-01
6.679639514336827011e-01
6.674180020334046226e-01
6.673432178593720066e-01
6.706358637162403991e-01
6.687374243860993994e-01
6.668213398430701266e-01
6.703334833646804602e-01
6.702760044924850336e-01
6.703907561379991442e-01
6.725411833299023145e-01
6.705125816659920357e-01
6.745436245394932362e-01
6.724569444269529184e-01
6.702203583692699640e-01
6.719164929260886820e-01
6.701578057125051613e-01
6.710351519596353675e-01
6.717918498173810482e-01
6.700966283158714676e-01
6.705036380099503868e-01
6.708904067937694338e-01
6.695434328129192814e-01
6.668019093518980922e-01
6.661422540864461173e-01
6.751080713654036281e-01
6.849804167992267212e-01
6.526643161799364767e-01
6.688018355960306804e-01
6.707716172944133692e-01
6.498947620688860782e-01
6.543926890035757227e-01
6.641385598811185842e-01
6.531234829467785774e-01
6.615667165717376008e-01
6.653451761899168426e-01
6.843886649847713555e-01
6.946168092025089003e-01
6.896452514893238739e-01
6.759749662140795978e-01
6.833601224404465269e-01
7.027890565917442878e-01
6.762353874176568747e-01
6.774256048742257619e-01
6.745560488520921938e-01
6.597313065315004721e-01
6.844627611830047531e-01
6.833303491811264507e-01
6.716745895635440888e-01
6.929197147093612008e-01
6.724454266733702612e-01
6.756552166023825912e-01
6.890637027877338783e-01
6.931442905770830443e-01
6.967143120966833303e-01
6.762892887658019658e-01
6.854581583655742216e-01
6.794740385911057778e-01
6.872440282810343692e-01
6.683278473979705758e-01
6.696575043625304646e-01
6.863102646580897526e-01
6.809242558589360117e-01
6.963265883064533313e-01
6.827590991975699408e-01
6.967589740158303124e-01
6.902840056389768497e-01
6.969741644283617976e-01
6.953175824155027884e-01
7.014123255838106141e-01
7.085874835714748299e-01
7.155394964190622265e-01
7.166429755641697819e-01
7.125442879234106242e-01
7.129616117849617574e-01
7.048841965715678670e-01
7.006436314112639563e-01
7.220185144512345499e-01
7.144989592644490628e-01
7.022115626453363513e-01
6.971876252967864618e-01
6.561722317105165292e-01
6.633386757468114903e-01
6.625863616309695114e-01
6.623161146202914962e-01
6.644814455424777888e-01
6.672978952011124898e-01
6.472679190298049612e-01
6.502136438485858205e-01
6.521430723987324818e-01
6.659766163180778076e-01
6.879248994471567347e-01
6.926514302858012284e-01
7.033117995233530984e-01
6.984717526725847669e-01
6.994984765811187444e-01
7.016692905999715180e-01
7.021935006791323319e-01
7.015722161731301476e-01
6.899500361996229181e-01
6.967768141973080809e-01
6.974398136744672794e-01
6.717354995913695781e-01
6.453776216611567529e-01
6.445078347632147153e-01
6.550047337027400385e-01
6.571314253750760725e-01
6.527893196215165394e-01
6.671228234722099693e-01
6.691924274690704832e-01
6.741288822794196944e-01
6.473881713595849297e-01
5.959277854196204371e-01
6.546418029545552075e-01
6.547511956660031496e-01
6.562477121952917658e-01
6.586340096789470300e-01
6.539442302796747430e-01
6.592286983846682435e-01
7.351767764220118462e-01
7.334497050654784633e-01
6.539473288841139986e-01
7.297255941964926329e-01
7.240662447791107459e-01
6.493013501471820437e-01
7.256825441118572861e-01
7.351223482953526123e-01
6.611936548884862486e-01
7.401294626322539871e-01
7.320881177129505701e-01
7.339213213529417468e-01
7.227429729084191568e-01
6.526130532268953344e-01
6.524425632315841161e-01
7.245595743907699005e-01
6.588948781592507409e-01
6.568367059194751834e-01
6.604281622122639694e-01
7.256320618518056209e-01
6.578798156425482713e-01
7.275279764147619677e-01
6.573971418860011795e-01
6.313930588782835640e-01
6.245992859720448376e-01
6.204931669535700411e-01
6.241843119858858646e-01
6.235031062416942493e-01
6.345186767237886993e-01
6.357162374431982732e-01
6.505790764151078154e-01
6.512624652987989426e-01
7.330890388296008586e-01
7.320681556405621571e-01
7.266483567734917104e-01
7.299369330567554437e-01
7.239993462048146533e-01
7.347209831728258589e-01
7.370189011744995300e-01
7.367993243433234030e-01
5.865126587837303784e-01
5.614251446496827391e-01
5.782508980297685897e-01
5.994535352822970564e-01
6.443600395594619723e-01
6.692809907444271511e-01
6.545962530708582250e-01
6.687839964103445833e-01
6.704884789486788010e-01
6.666652553720919805e-01
6.697513472453592298e-01
6.808182549649727244e-01
7.178149057266657307e-01
6.784029015924989414e-01
6.603177974660081606e-01
6.574629524927562141e-01
6.494416411719012849e-01
7.045914281948398861e-01
5.172158645054837356e-01
6.312056720212813055e-01
6.209834962510893952e-01
5.072235572906039769e-01
6.787142196699136321e-01
7.506361910282013383e-01
5.994040589648179651e-01
4.497706052831063062e-01
4.461906619523144379e-01
6.497708205112168178e-01
5.865911856049994544e-01
6.220880712732661522e-01
4.167773721825344668e-01
4.426277924322686297e-01
5.876467253510360145e-01
4.115177694558769250e-01
7.261010131165106518e-01
7.133348524730259710e-01
7.220691192446823115e-01
7.209161327668728303e-01
7.196980450867783707e-01
7.176528058417074307e-01
7.120842715008225410e-01
6.291938539797167218e-01
6.271209530938297583e-01
6.895313418499678937e-01
6.183785104041675806e-01
5.622064595721382174e-01
5.645996996987079353e-01
5.283202257880852404e-01
5.338833155019773180e-01
5.250917832580680455e-01
5.197886301491309036e-01
5.157954428381573697e-01
5.234924012405403060e-01
5.361687353534622114e-01
5.325931442750697631e-01
5.206196102825081384e-01
5.238559210690070245e-01
5.272518529695927603e-01
5.288261700227600004e-01
5.353736776352185922e-01
5.331662832489809656e-01
5.349337520116373978e-01
5.298807683316213435e-01
5.331900580822531710e-01
5.400921564200554803e-01
5.860282689967838410e-01
5.877868675866855241e-01
5.919539898874208728e-01
5.972633683992897291e-01
5.972727830567330365e-01
6.060524096333129718e-01
6.205560807731149708e-01
6.101811256550356832e-01
6.116453348288808378e-01
5.943829734315919655e-01
5.911423868720731001e-01
5.867212451498485803e-01
5.799688347813529710e-01
5.747855212620630594e-01
5.703994299860061234e-01
5.682690129840687332e-01
5.653212752499396920e-01
5.709054670560980149e-01
5.586183554210417679e-01
5.573405562953740455e-01
5.926431959704985264e-01
6.022013619656848560e-01
6.201942059740805924e-01
6.402257315454545905e-01
6.425261492805354191e-01
6.054059263563048576e-01
5.801644570856139271e-01
5.867949104246178438e-01
5.783163257148986602e-01
5.767535873448795813e-01
5.849578601020798407e-01
5.861055865285875743e-01
5.864229703604633137e-01
5.851221995455858638e-01
5.846820953833850032e-01
5.920606481607343374e-01
5.836485667205401073e-01
5.900355767160682108e-01
5.892573170860000431e-01
5.900319415652892641e-01
5.924110329572058742e-01
6.065580119931014424e-01
6.174070394955871732e-01
6.265843671836630602e-01
6.210143166835633277e-01
6.349508605388648474e-01
6.262295158025031894e-01
6.540645187928381121e-01
6.658633298876442952e-01
6.639688504318465023e-01
6.810810170706076416e-01
6.877396573626015641e-01
6.838217614015881241e-01
7.206839213124459631e-01
7.335387468867825556e-01
7.347391723532639141e-01
7.301976262774341198e-01
7.398956174821803566e-01
7.339698080229912769e-01
7.399786828912910952e-01
7.348639967569269293e-01
7.344194516749471546e-01
7.285336141435035939e-01
6.618691534155606293e-01
6.208652146912265746e-01
6.245509753241876849e-01
6.335374776309886657e-01
6.878554928228978183e-01
6.865536372635947515e-01
6.608958814964924766e-01
6.603265694015256759e-01
6.846989575931886618e-01
6.690517942242163452e-01
6.011261272157185642e-01
6.043114374978860726e-01
5.578532579957781179e-01
5.597438345236294133e-01
5.370704111225542698e-01
5.372977823567494093e-01
5.114228451512458085e-01
5.425610914340845969e-01
5.454628279005721003e-01
5.005474857015577150e-01
4.914941789129751992e-01
4.945662708694215093e-01
4.800945205174048658e-01
4.776670581657638803e-01
4.856890350887466123e-01
5.053828918586913410e-01
5.160946108302818525e-01
5.214812080321300503e-01
5.272822174171352128e-01
5.336731919622407228e-01
5.299046218040153189e-01
5.338708135223854123e-01
5.391785860767897010e-01
5.478872325122320364e-01
5.403219974592228247e-01
5.214173345227776091e-01
5.356126912089387293e-01
5.409655659331351618e-01
6.060896617818507526e-01
5.350832714981790250e-01
5.307153463617335643e-01
5.413202792232844063e-01
5.591452762629687268e-01
5.948271226040331427e-01
5.394755792792340632e-01
5.478910061448056812e-01
4.742648359876729947e-01
5.379527348028654288e-01
5.346994336010866267e-01
4.782080323381830422e-01
4.794508930902209309e-01
4.956804781927358072e-01
4.325401036960304646e-01
4.522896480367931682e-01
5.428320807212846377e-01
5.734423693696714119e-01
5.965525660445872846e-01
6.227340825469145358e-01
6.255768029857106116e-01
6.409488114575336848e-01
6.407955535589198170e-01
6.552573543835285008e-01
6.567641533491909156e-01
6.577501686361243438e-01
6.572899375977035996e-01
6.635424151811458726e-01
6.564901586600493388e-01
6.365636020799211314e-01
6.399900941338337867e-01
6.521958261816935831e-01
6.530566703360972669e-01
6.505571154927789479e-01
6.492555422165027235e-01
6.455645991585053922e-01
6.545820141274802939e-01
6.563453187754709761e-01
6.700193280131979678e-01
6.654600248396566053e-01
6.158816300074867467e-01
6.251785196788833820e-01
6.528123110208422508e-01
6.618122050831114489e-01
6.530060364678348384e-01
6.526123190043077171e-01
6.510563075100687103e-01
6.491601083562300589e-01
6.801250033559045338e-01
6.752508719773709922e-01
6.749131925750849748e-01
6.624354052530604386e-01
6.800114153828247243e-01
6.941682005268769995e-01
6.239519048998706241e-01
6.288704709211425659e-01
6.289848808989014772e-01
6.355762487505890457e-01
6.348877755276388646e-01
6.432598323241186522e-01
6.297497180715209142e-01
6.477530099967262478e-01
6.435984297449638403e-01
6.592425386938174370e-01
6.532540258419735624e-01
6.485068460301506299e-01
6.369969761328664326e-01
6.510510211306634876e-01
6.291826277421801450e-01
6.394197224969598858e-01
6.572853517670008694e-01
6.368109195037386927e-01
6.431844488304696572e-01
6.473327030753741607e-01
6.456598111079109303e-01
6.463815705705973080e-01
6.394148153247306565e-01
6.436654387095028795e-01
6.165722204824825026e-01
6.292629430859455475e-01
6.308921009192415275e-01
6.446497313213405134e-01
6.356981698805956871e-01
6.465799076124173483e-01
6.380821801787192049e-01
6.413905523068881287e-01
6.379005609661861920e-01
6.466297084352770064e-01
6.475074331569125041e-01
6.538289771158696251e-01
6.534646919409722310e-01
6.584133337974154010e-01
6.631332593066701087e-01
6.585962338322546294e-01
6.595195248916039255e-01
6.633594477482478435e-01
6.605296915735556773e-01
6.619436922632329079e-01
6.628114561218142464e-01
6.643092495562079591e-01
6.677499328066937023e-01
6.651435871115978227e-01
6.639737321610416076e-01
6.642645599864737127e-01
6.635188161367354676e-01
6.646851421824363504e-01
6.670497790387168724e-01
6.686272495440440666e-01
6.675024810371426032e-01
6.665581666675816086e-01
6.658771670770969875e-01
6.656502491606216543e-01
6.662888091568569537e-01
6.678772923263003314e-01
6.685079225523958835e-01
6.700782848572501837e-01
6.688426983115379754e-01
6.667014081066743314e-01
6.686017542818120107e-01
6.659025255845727465e-01
6.657834829970121771e-01
6.694153235583013561e-01
6.644747226361227277e-01
6.672064904633097093e-01
6.598704708050268097e-01
6.367620917593792562e-01
6.429963455684840623e-01
6.248006162929866658e-01
6.375232954958099940e-01
6.446309635976521513e-01
6.557834213389254208e-01
6.435155685614936116e-01
6.448751115475308548e-01
6.395574514568151958e-01
6.366301242361186441e-01
6.321784809078345724e-01
6.124395754182471174e-01
6.306787264859875508e-01
6.252152073944341470e-01
6.211880193389708316e-01
6.238706932720751164e-01
6.155381277289978526e-01
6.063207767598870479e-01
6.111159006597999266e-01
6.375997514420131962e-01
6.371824383549798965e-01
5.758127100848813296e-01
5.329536750784492627e-01
5.370312727037884759e-01
5.292564857621511187e-01
5.506578282668405100e-01
5.651098600961401708e-01
5.958639355232613344e-01
6.019351386362372658e-01
6.096967069470935474e-01
5.638124458991584653e-01
5.583427627564685469e-01
7.276595564005414740e-01
5.155327568356716794e-01
5.909458421925344318e-01
5.935988816726448514e-01
5.957052971214177317e-01
7.221441899055837110e-01
6.702918445521136581e-01
4.700896814770851306e-01
5.685503387172203826e-01
6.157186187219060303e-01
6.570189493180225160e-01
6.289416492711654705e-01
6.431933178678536089e-01
6.484226770366473547e-01
6.647796961220900913e-01
6.658724164108152932e-01
5.676577204517557762e-01
5.615569459238015648e-01
5.585498550959944186e-01
5.610944693326621602e-01
5.521785423349782063e-01
5.444916570602634787e-01
5.423682432344527626e-01
5.312463218887614191e-01
5.289881967782448235e-01
5.261621591358373040e-01
5.397814198010121300e-01
5.441338949023566407e-01
5.501435786352940616e-01
5.455399509846654560e-01
5.496519511347931486e-01
5.573899246879983060e-01
5.692167170949620214e-01
5.783276026155700356e-01
5.592247265778612642e-01
5.912062210611707114e-01
5.823677068249341060e-01
5.847011102335881727e-01
5.753896231120280147e-01
5.701274488695173837e-01
5.804483852287255496e-01
5.913986663900137053e-01
6.082075736144312295e-01
6.063124673980095913e-01
6.027154979309460314e-01
5.973517782178924262e-01
5.996449829001601062e-01
6.135012284095289203e-01
6.172365520431037922e-01
6.249794457359223454e-01
5.996308861983237204e-01
5.809836028162925770e-01
5.565489548289636046e-01
5.631758704797666937e-01
5.574383071965971492e-01
5.496314632344453388e-01
5.660671791110364337e-01
5.688617401159297149e-01
5.728325866056053206e-01
5.777825323130209023e-01
5.696941628037862637e-01
5.706195480827666033e-01
5.639038135586116329e-01
5.791307465176953606e-01
5.725575357185662684e-01
5.721776256477192346e-01
5.831326295341896504e-01
5.807869077221829990e-01
5.697778337969502394e-01
5.674842523704106689e-01
5.643480867744944396e-01
5.123870921878600493e-01
5.533502732734545404e-01
5.665818529593518171e-01
5.544976422141774108e-01
5.634794740295482329e-01
5.629838496599129938e-01
5.634397061777062232e-01
5.651042254697308254e-01
5.550938172122366066e-01
5.342603277633131142e-01
5.357649725744545455e-01
5.457924001776305323e-01
5.400007291503379214e-01
5.426916547820734849e-01
5.455781740781295852e-01
5.752374453028367141e-01
5.508919018181717142e-01
5.521499853638309752e-01
5.514745414093358278e-01
5.552674669687164277e-01
5.490599411519251349e-01
5.592653972444842081e-01
5.526387307697228080e-01
5.586279928021821162e-01
5.540969613867302579e-01
5.551977149606858175e-01
5.518494354902141463e-01
5.465878921476309271e-01
5.442469376387260027e-01
5.548258702059946090e-01
5.451737792794192350e-01
5.390112621981888452e-01
5.465266905849058832e-01
5.566085902389681372e-01
5.569793028826988124e-01
5.577249763257862147e-01
5.603993897709895755e-01
5.606278183450269514e-01
5.562660522827135301e-01
5.582566201665076777e-01
5.415961592122084944e-01
5.338932379609868661e-01
5.126006965680359739e-01
5.225360542701360522e-01
5.236208328534971423e-01
5.210742058294889345e-01
5.077023751473751512e-01
5.278836822407136919e-01
5.390360050513428591e-01
5.293826757861945786e-01
5.461943469711821875e-01
5.202764349912750719e-01
5.217397784064613520e-01
5.214488383650478509e-01
5.271486710916156726e-01
5.207077706460864208e-01
5.257989337282813480e-01
5.230395550089679269e-01
5.224755363759399085e-01
5.210411327663224679e-01
5.202589080549274714e-01
5.052509146762993453e-01
4.774972865640737529e-01
4.758570408896197201e-01
4.829807020439112475e-01
4.836010326100722012e-01
4.806061060067024493e-01
4.753433079844549547e-01
4.786761546612950391e-01
4.825817469382282510e-01
4.956188470184661465e-01
5.096856488839788257e-01
4.907207835393996853e-01
4.894281963550541903e-01
5.118670815108428140e-01
4.828376860581550800e-01
4.996173284681382776e-01
4.955432320599275631e-01
4.874478655443745256e-01
4.878605500980446319e-01
4.870253849134393298e-01
4.835115807847298885e-01
4.832918028847476566e-01
4.527765346748371389e-01
4.993347941050529926e-01
4.551896655721054952e-01
5.038527162396202463e-01
4.609563474396853877e-01
4.654398706522217544e-01
5.058984432451988367e-01
4.702815936655404538e-01
5.140186372356558842e-01
4.831554131734394630e-01
5.308489154604609794e-01
4.827424566668114814e-01
4.760153529139984907e-01
4.633560957430364335e-01
4.647366274634141536e-01
4.648793429868678939e-01
4.611019530430014446e-01
4.721017542873566231e-01
4.817225461998984604e-01
4.839486489553767590e-01
4.771181845748369565e-01
4.686386956988242147e-01
4.631820740901392841e-01
4.657715739484237782e-01
4.647814911856145703e-01
4.587205755938521534e-01
4.999377056657107743e-01
4.624187070212226192e-01
4.606562483160511756e-01
4.547969008928678947e-01
4.596570289052712144e-01
4.666739771499632261e-01
4.500571154641908600e-01
4.539819292716271160e-01
4.558818860077096247e-01
4.590462710867957985e-01
4.637361964518316171e-01
4.686816764914621403e-01
4.750083671316362444e-01
4.772766543179067789e-01
4.772858402360104502e-01
4.786322850194700274e-01
4.627480088585108065e-01
5.079208779559069020e-01
5.110840112430384830e-01
5.170389744831984657e-01
5.134568744816316865e-01
5.038376890078960502e-01
5.035333394469401203e-01
5.060266026593921440e-01
4.951962065823912185e-01
5.286908219235020301e-01
4.911035278904882784e-01
4.966981067782569870e-01
5.322001197271215567e-01
5.389494028194016240e-01
5.396164657685612598e-01
4.868652402763231080e-01
4.884556413084343851e-01
4.971612276497874294e-01
5.074251689082539540e-01
5.139126556639674881e-01
5.576137689021360977e-01
5.568872999336089702e-01
5.644508069291683805e-01
5.659737615220514773e-01
5.619340083869640567e-01
5.232181869838867794e-01
5.817588400176421093e-01
5.271052276983866358e-01
5.310863507944557638e-01
5.407503687725285779e-01
4.934402455304003343e-01
5.341849271649184994e-01
5.503926647651051773e-01
5.511116618978074699e-01
5.511095481874602742e-01
5.465386617716573303e-01
5.400081419204538768e-01
5.154088443948744436e-01
4.859550855041291917e-01
4.651295078716240483e-01
4.692603842291518945e-01
4.873228162869742142e-01
5.020949776815113452e-01
4.968093437908386867e-01
5.138635254326927582e-01
5.178471594515182685e-01
5.116094714179520997e-01
5.163978935632215217e-01
5.151459314799983202e-01
5.197158519074508432e-01
5.247834271804303619e-01
5.197387001431011955e-01
5.164095398903728595e-01
5.199484985721498642e-01
5.180879560869177114e-01
5.221502973381521029e-01
5.260390554069039881e-01
5.268922925379829758e-01
5.337226065181323031e-01
4.836567874061441508e-01
4.843549648455076073e-01
4.778312216319113848e-01
4.806394633100898317e-01
5.275018613432387315e-01
4.898476482178241720e-01
4.961407045477619349e-01
4.940976583243092968e-01
4.960944033873553871e-01
5.003512408567690750e-01
4.967015834450641543e-01
4.957580153372659892e-01
4.949740516072351770e-01
4.932431969495149615e-01
5.009691085533710675e-01
4.975253344116778442e-01
5.412684246170512692e-01
5.373327085803688563e-01
5.002188243302496673e-01
5.010567228746211077e-01
5.512471746153265739e-01
5.041599342063294298e-01
5.467325774155210594e-01
5.030044573176012390e-01
5.503834064642904034e-01
5.102591718877962368e-01
5.465089682487124234e-01
5.019034275004655710e-01
4.955032649316911120e-01
4.939292713336982388e-01
5.047311478635896353e-01
5.137990176049082036e-01
5.134711349553860993e-01
5.130193668806118934e-01
5.160290547951067452e-01
5.136354144919001996e-01
5.000195684377598537e-01
4.847618607506368194e-01
4.778765669407982752e-01
4.706239396426335486e-01
4.850391336519471186e-01
4.718885501501666746e-01
4.919694693179358924e-01
5.475855535514416728e-01
5.147508752517320207e-01
5.264361457007605827e-01
5.195965648570859408e-01
5.293939663412223773e-01
5.240098708378292391e-01
5.246238187239652406e-01
5.516603892119382735e-01
5.708056257238157682e-01
6.113309068575478733e-01
5.751013825077080366e-01
4.856626367455128546e-01
5.487673154547074716e-01
5.235446054275778582e-01
4.792927856735795800e-01
4.882672194077409822e-01
4.553193920860124089e-01
4.653086785064194930e-01
5.072888260414518680e-01
5.675194757254435896e-01
4.802592680338207409e-01
5.246097312940829482e-01
4.977463682112829857e-01
4.901954917657226907e-01
4.848698491805507604e-01
4.931010043244090646e-01
4.909868783461907582e-01
4.906498356215270307e-01
5.473030788796392487e-01
5.435527618553872564e-01
4.886789825834056966e-01
4.953468350862820224e-01
4.760263390045713083e-01
4.709618688111421037e-01
4.778049400525420931e-01
4.783658495961371493e-01
4.840328327000503195e-01
4.870248131534191116e-01
5.156761923946991955e-01
4.725337248479219432e-01
4.736244878138755610e-01
4.706683904438832555e-01
4.796488734659904996e-01
4.758607512023501074e-01
4.873431920138674989e-01
4.729361830861267268e-01
4.527415189417680064e-01
4.532880097627647320e-01
4.518209810553168726e-01
5.013425496153700589e-01
5.058864360747616917e-01
5.040836257082739191e-01
5.049374105812680646e-01
5.019079441196020452e-01
5.035776813449642786e-01
5.048402060074694830e-01
4.941639056622851300e-01
5.001042719654568147e-01
5.005760961497048855e-01
5.007652024970418170e-01
5.031687890363227833e-01
4.953569912395031083e-01
5.007454012587474468e-01
5.130404477115214634e-01
5.120036006151909014e-01
5.215317457018028291e-01
5.193868792862830208e-01
5.196785500863588814e-01
5.598027825638717259e-01
5.686391615189937410e-01
5.829574974982980606e-01
5.871421682100659289e-01
5.609178087185560102e-01
5.851532049758659815e-01
6.113204944607213420e-01
5.575224939616404418e-01
5.632286785011640928e-01
6.376962014313971583e-01
6.345354025502396578e-01
6.389146519139966562e-01
6.396369943931138335e-01
6.272643870276759515e-01
6.378693465148872477e-01
6.357795664307990258e-01
6.343746240123576685e-01
6.362717960106262227e-01
6.274483335907669046e-01
6.286509045727675105e-01
6.384589911142253271e-01
6.378381120420192341e-01
6.377251107453312251e-01
6.379218450606582991e-01
6.408428715280063415e-01
6.415504567076074638e-01
6.421136876341924093e-01
6.342661460575320653e-01
6.346190153049664495e-01
6.403279171455662500e-01
6.416959142582361331e-01
6.221566155035431755e-01
6.228285672569024989e-01
6.290914312647140072e-01
6.272702825619578260e-01
6.230555427660371404e-01
6.167251873495407377e-01
6.245964105623510454e-01
6.312573357913170424e-01
6.415647740918924979e-01
6.526917843816925080e-01
6.568645528679668555e-01
6.591946588065644708e-01
6.485474685776703163e-01
6.606609796108575683e-01
6.529134804707310558e-01
6.557938477417396550e-01
6.296587640170904221e-01
5.891452975042097417e-01
5.935445598597837158e-01
5.836483214763903415e-01
6.583597198187445265e-01
6.704232547445325707e-01
6.580911047823946314e-01
6.758501227305582226e-01
6.779629615504225715e-01
6.779760144033218916e-01
6.850367669984740449e-01
6.816884249203885027e-01
6.812188039525755023e-01
6.983281485226254803e-01
6.793743670016948455e-01
6.980318287994744519e-01
6.929918992321263405e-01
6.987940304736592889e-01
7.014232020179375082e-01
6.891843008914660951e-01
7.124807522602778498e-01
7.197227661413134747e-01
7.019347315226137640e-01
7.106340599706799654e-01
6.832425173249285777e-01
6.955211919762803729e-01
6.922996585448272233e-01
6.871135449994651978e-01
6.861787258345838358e-01
7.083304416677954629e-01
7.093591883390878428e-01
7.086885498410183670e-01
7.105627465632154971e-01
7.071665869078790356e-01
7.036289226419494280e-01
7.081964813467219733e-01
7.073228518721456082e-01
7.100925344707564868e-01
7.128628321043287697e-01
7.105904350245743073e-01
7.075304262140184042e-01
7.120264468802641744e-01
7.122740255765003248e-01
