7.106594369177646753e-01
7.130907028779458479e-01
7.173891933283208511e-01
7.144827385165500866e-01
7.142210444898910993e-01
7.160628721247721540e-01
7.174384320296993689e-01
7.159953078351513067e-01
7.159870782082375928e-01
7.175568724807968035e-01
7.218837930355311849e-01
7.201382049049988021e-01
7.178921350849314376e-01
7.205070440518294150e-01
7.207617613151577896e-01
7.193090940409133660e-01
7.187136706364045668e-01
7.208876747589824108e-01
7.234930529974149538e-01
7.213655971009345080e-01
7.244275426728381539e-01
7.239875111634747062e-01
7.214895321004346496e-01
7.226089613420159097e-01
7.250863812283643295e-01
7.248751790414471596e-01
7.254692433307629029e-01
7.222856506535075827e-01
7.259548202114944893e-01
7.254758778820832310e-01
7.243758981111317885e-01
7.228067826922048855e-01
7.262079674932184759e-01
7.263157708470396878e-01
7.246540262844169966e-01
7.265319317866247850e-01
7.116310977866125986e-01
7.277468313529106281e-01
7.169213283000401837e-01
7.134637591631209919e-01
7.217854403198561419e-01
7.304263605657898006e-01
7.138000016089771638e-01
7.323378477246743623e-01
7.096501729172643991e-01
7.158320807329094926e-01
7.172490843860782617e-01
7.253674806124010832e-01
7.160475775404990806e-01
7.112536131523985450e-01
7.145001519205136375e-01
6.918106368580931864e-01
7.329160198619131261e-01
7.052301165924660387e-01
7.182245863584558743e-01
7.141812329719071650e-01
7.261951239335433517e-01
7.345955126276371150e-01
7.248078170697588307e-01
7.262519809304839313e-01
7.393144069861646850e-01
7.263062089977317948e-01
7.197767182465696356e-01
7.324325816275436551e-01
7.322358420265211443e-01
7.399370890473400131e-01
7.498113048208968623e-01
7.506174840246558899e-01
7.598628956750350660e-01
7.603628134896123214e-01
7.550759434896361366e-01
7.446052823876345705e-01
7.839174973580882444e-01
7.744977725634564214e-01
7.754742402742189622e-01
7.876549736596948348e-01
7.784479113761990643e-01
7.935886588029520405e-01
7.026767826086274260e-01
7.082163611312612961e-01
7.071592431180739879e-01
6.806861976450450102e-01
6.692453891490546258e-01
6.632783808295099615e-01
6.733748788102748017e-01
6.713424873573254903e-01
6.749693636438067745e-01
6.741868600855379645e-01
6.728782380856632717e-01
6.730311878143383497e-01
6.738346308958347297e-01
6.685671641390266151e-01
6.681324911547528167e-01
6.679571874904796092e-01
6.638653811878432176e-01
6.611264960009256564e-01
6.628985442390200600e-01
6.593125950681347769e-01
6.619333435113273767e-01
6.618813309429680825e-01
6.631159253938874176e-01
6.531208069036601449e-01
6.555339685231208469e-01
6.541668821618005225e-01
6.559936030029864806e-01
6.599117648244406942e-01
6.602143486232978642e-01
6.579001508329949122e-01
6.664448135534476458e-01
6.595889505035718026e-01
6.518433431558268154e-01
6.633277221942426305e-01
6.613741777354846807e-01
6.713406454816566171e-01
6.720373807416908374e-01
6.779476804850416150e-01
6.838227801634241265e-01
6.860740815237529322e-01
6.804801841956649167e-01
6.788611045502241925e-01
6.810962942418391508e-01
6.849548020377798085e-01
6.751008371583662182e-01
6.731618564270803740e-01
6.765523077883658365e-01
6.687989772886263617e-01
6.561715065536641855e-01
6.670431218291382747e-01
6.712688339841150764e-01
6.695508122186855093e-01
6.702168045455745293e-01
6.704696307688666757e-01
6.717460587940997652e-01
6.733178266987345229e-01
6.797329803793956682e-01
6.759865274389629253e-01
6.713157093492044813e-01
6.800246250714491181e-01
6.782642720782341428e-01
6.796315989858336959e-01
6.809740128550806348e-01
6.745396285775255851e-01
6.754945624463118969e-01
6.778985987640252509e-01
6.765566235876531165e-01
6.737584611009177493e-01
6.718946689438567432e-01
6.483447506234417679e-01
6.218988747158034069e-01
6.233210723530643316e-01
6.219604923946231434e-01
6.243997599308938051e-01
6.257502924252531518e-01
6.179285706449586524e-01
5.172158923437321087e-01
4.771843963184284054e-01
4.861384130537428905e-01
5.711323135551185093e-01
6.408669451740141021e-01
6.454386932212643480e-01
6.778400517197087360e-01
6.748275291970968759e-01
7.114788506497413678e-01
7.247829740624067707e-01
7.242829016088098149e-01
7.123276923048543763e-01
7.609357989989569138e-01
6.708944144965747203e-01
6.578249383371456149e-01
6.772416432554460020e-01
6.189346034599128021e-01
6.261999674415845707e-01
6.179799685207397753e-01
6.126143521399235459e-01
6.180971278170692695e-01
6.232720346521760657e-01
6.330794383877550446e-01
6.126695672831491413e-01
6.078345387593544480e-01
6.162854140836939720e-01
6.124538744738179386e-01
6.156037983051544371e-01
6.249318408825360605e-01
6.086196580580214288e-01
6.208248089448462625e-01
6.294439561839735298e-01
6.249601466316823117e-01
6.209954136635790212e-01
6.170473570070680314e-01
6.124919076497433723e-01
6.001289837459188314e-01
6.077999375354220524e-01
6.114580850834145931e-01
6.078517524419786433e-01
6.426023056684174728e-01
6.480809374174525406e-01
6.240994756633757579e-01
6.294681539482287480e-01
6.207288966205040115e-01
6.128840486082859362e-01
6.148194672931557303e-01
6.039310627366446527e-01
6.072893009693035582e-01
5.893216012381099489e-01
6.123785513836892402e-01
6.159014649792302620e-01
6.090950493445391745e-01
6.053568627717298423e-01
6.035815506405396436e-01
6.178707556387655897e-01
6.104075229362473376e-01
6.131213934758494855e-01
6.235723435191999897e-01
6.277728510091947767e-01
6.289615910660869558e-01
6.336366406320343980e-01
6.457793574161052597e-01
6.362036765080179013e-01
6.190894740551067255e-01
6.201634368792896534e-01
6.370922466188831956e-01
6.517465536643535229e-01
6.575018375500443213e-01
6.623967106952446393e-01
6.566961311001705548e-01
6.028514041532322398e-01
5.872655628994662980e-01
5.865572447740328155e-01
5.684764264684131208e-01
6.283231554032249200e-01
6.325053823172628320e-01
6.452156502542172323e-01
6.367510433368166467e-01
6.317494689524844054e-01
6.446707726201155175e-01
6.513968646098882154e-01
6.250124272070017861e-01
5.949066775256611761e-01
6.612450596405161640e-01
7.552335031350710937e-01
7.528379040777493092e-01
7.685083013470832558e-01
7.642964581968234583e-01
7.663350525050903750e-01
7.610746328462514310e-01
7.652044164699837170e-01
7.642791756264876168e-01
7.664004269952469084e-01
7.669656569405141067e-01
7.691471640280095334e-01
7.627143693951200509e-01
7.537960492662321155e-01
7.605640443393199002e-01
7.563158634817054304e-01
7.540894254657749540e-01
7.546204270492128385e-01
7.438631226921806894e-01
7.506369067819497198e-01
7.475915761437956775e-01
7.510238661269573734e-01
7.512859508857682167e-01
7.482738110045566993e-01
7.505137149479976788e-01
7.516029465715927671e-01
7.399768670328245035e-01
7.439188096218558588e-01
7.394322318414607853e-01
7.398960371073682873e-01
7.364017470458519288e-01
7.395854717505366827e-01
7.406207866309584276e-01
7.394133190349850837e-01
7.284754519554531571e-01
7.233280439604394818e-01
7.226184342834935936e-01
7.185853510517306031e-01
7.126209493322633870e-01
7.208762710286713560e-01
7.093193981426126893e-01
7.567856591421859846e-01
7.764770249688999204e-01
7.824254433180557466e-01
7.686060691381133569e-01
7.733859523333747044e-01
7.585053544360602640e-01
7.443215646343163128e-01
7.317769870055388370e-01
7.163917022726282724e-01
7.142872120476964071e-01
6.881552664973178413e-01
7.037938717702958424e-01
7.117988030497991447e-01
7.734727326461964259e-01
7.926053232640636326e-01
7.962048531548845398e-01
7.993106123377456962e-01
7.916830208140430702e-01
7.919130159948003511e-01
7.832029666287334546e-01
7.572879037205829666e-01
7.287726963429036475e-01
7.144648539628332129e-01
7.107783860731812231e-01
6.669731696398477627e-01
6.797632946717958591e-01
6.924024315768353421e-01
7.642767636553861044e-01
7.900613759068434439e-01
7.933105548704505461e-01
7.955338980022663709e-01
7.899013424953164053e-01
7.850170252299154550e-01
7.759534475857078339e-01
7.481501554299149204e-01
7.237929999801915315e-01
7.181839541454512199e-01
7.133500047630895180e-01
6.647462511224941917e-01
6.774269767903052797e-01
6.846285987528792916e-01
7.152177535817686449e-01
7.672570107268038564e-01
7.894558103629863988e-01
7.880838247925190387e-01
7.829893217345988976e-01
7.859178006588116716e-01
7.763640726878218157e-01
7.509265762058049409e-01
7.377152006381236804e-01
7.247642690634666929e-01
7.116716015107887872e-01
6.653463089164103339e-01
6.782956218369717849e-01
6.852653194576928675e-01
7.121788662548088622e-01
7.658308906933294358e-01
7.896369865059842397e-01
7.841312020004667094e-01
7.894869711631764542e-01
7.830168629642907385e-01
7.647903114029913629e-01
7.336279538939214362e-01
7.220793301501940986e-01
7.088119300543447299e-01
7.084903631723846740e-01
6.662707339830021835e-01
6.814131246665205976e-01
6.863488572216068784e-01
7.112394490386121371e-01
7.633520351898938072e-01
7.924176187950023875e-01
7.986170555680601746e-01
7.944233305169544623e-01
7.951755997789129449e-01
7.830242828403949362e-01
7.600940769995835344e-01
7.156864821484815176e-01
6.999532921859034085e-01
6.984954537055322321e-01
6.638232152038835432e-01
6.736475146731008001e-01
6.893632304049875925e-01
7.173456461868520373e-01
7.718358188677546528e-01
7.807385257034571424e-01
7.868396095916724287e-01
7.903006707733590819e-01
7.863583600211735414e-01
7.844329081586998154e-01
7.610298117265795748e-01
7.207666030029091786e-01
7.224239401024477036e-01
7.003478763080106528e-01
6.989331920867145609e-01
6.648306299108271977e-01
6.857194244313837839e-01
7.135568291113326689e-01
7.720170163105082306e-01
7.867334427936613084e-01
7.829714597084275196e-01
7.892543545661625526e-01
7.867669542555161266e-01
7.640353030035534898e-01
7.546794590279245485e-01
7.314195624200164891e-01
7.256381034498120552e-01
7.094038153885412479e-01
6.965587853475864177e-01
6.501249358649656696e-01
6.682843338286648116e-01
6.906560774728024432e-01
7.652917085243927664e-01
7.865712785671142848e-01
7.859132121609480048e-01
7.775125985558861696e-01
7.749779765665979481e-01
7.894078711201922838e-01
7.681236800937200071e-01
7.453120172661901188e-01
7.137242726276004090e-01
6.794557604984267085e-01
6.917903821029509626e-01
6.636376162788507616e-01
6.665217599711272811e-01
6.730581952239449439e-01
7.089263758980793861e-01
7.587468020539763769e-01
7.636092954829678536e-01
7.796172407438953789e-01
7.812271385662261647e-01
7.783584184299227049e-01
7.571284994243058231e-01
7.376425617282302838e-01
7.329252754142162596e-01
7.085313500555446842e-01
7.084137372101803054e-01
6.577088505631165649e-01
6.498100260014462171e-01
6.913932520237079382e-01
7.049900266562395545e-01
7.419916752270326876e-01
7.752685067618062531e-01
7.871288473826524301e-01
7.920948747046223648e-01
7.945222658372258495e-01
7.868678810416530611e-01
7.968796140124067007e-01
7.772460228989965803e-01
7.419033325258030942e-01
6.979192966520022523e-01
6.913676256251121144e-01
7.135344653730321118e-01
6.991523662602988631e-01
6.910833303769799985e-01
7.120640995062154088e-01
7.229286556283653908e-01
7.553877082262098197e-01
7.578259896392923745e-01
7.556081842126251003e-01
7.930770363197429118e-01
7.868625966802376137e-01
7.635420843785029055e-01
6.912183616505398476e-01
6.877993092673643227e-01
6.959712803948637783e-01
6.627266151233840441e-01
6.797351354506696586e-01
6.841877215528819889e-01
7.335408734745291204e-01
7.522837448834719387e-01
7.518014796799679100e-01
7.656520890565704507e-01
7.757608779868808702e-01
7.712025682880130351e-01
7.651642175868935691e-01
7.615155230544765619e-01
7.444997055428406174e-01
7.025494587313305672e-01
6.889935666654941615e-01
6.271392424914064012e-01
6.294623270346763055e-01
5.921979278898001908e-01
6.478835183907787343e-01
6.572839002363779493e-01
7.468682915917802534e-01
7.372311708736081215e-01
6.697769996863865982e-01
7.130879364239630647e-01
7.840777509313142657e-01
7.770109204294906036e-01
7.162253561087175147e-01
6.579993196367981412e-01
7.223354742189606048e-01
7.712609132408021484e-01
7.950697313922441278e-01
6.552945392902662647e-01
6.647811455908687606e-01
6.752379938311463548e-01
6.991077472230776690e-01
7.368704762745574843e-01
7.661391118216344109e-01
7.844923679041156950e-01
7.904417780347652300e-01
7.930786438988937093e-01
7.783213979738830002e-01
7.677271113258502533e-01
7.752902539532577908e-01
7.369887576622826675e-01
6.969356214617553613e-01
6.799010835763941163e-01
6.634588939368245564e-01
6.529600851193680944e-01
6.479155254314707957e-01
6.636091445093817986e-01
6.871583515502468487e-01
7.216935719403404503e-01
7.493948205226148573e-01
7.627241663075920997e-01
7.715721103255710478e-01
7.647703435678948614e-01
7.573346860584720952e-01
7.527934948327857922e-01
7.585574976119804358e-01
6.518144293673966416e-01
6.472320103544652037e-01
7.219141940550104497e-01
6.830855599547897006e-01
6.847214465558428831e-01
6.842291771892716756e-01
6.327609221502156212e-01
6.413373256274352840e-01
6.555526266961003712e-01
5.386474420730347212e-01
5.017654186010391815e-01
5.188154893912204635e-01
5.281737546919520465e-01
5.937216461920686861e-01
6.180262473205224705e-01
5.447976897728777912e-01
5.488833835988853327e-01
5.549579731562849227e-01
5.673070829114805758e-01
5.672264054544442491e-01
6.339741289218926434e-01
5.893881398089428902e-01
5.873993873094555118e-01
6.129768573346379146e-01
6.241616280688021545e-01
6.123218283090806624e-01
6.114373330292645070e-01
5.803846798780472049e-01
5.443495043502613040e-01
5.168285109046502068e-01
4.838630421056284159e-01
5.014865055953822148e-01
4.979356664979717739e-01
4.925174571438425408e-01
5.073849683114667330e-01
5.142816775339944524e-01
5.097345732032779742e-01
5.192786200513720418e-01
5.327856934678818490e-01
5.414445968267933562e-01
5.595896808368567843e-01
5.346656540053748019e-01
5.388006314786457640e-01
5.461876980629546408e-01
5.452550358554756338e-01
5.383367701657020277e-01
5.388082177452602206e-01
5.350633979159298281e-01
5.222327310568891656e-01
5.100547232728445124e-01
5.104070825219741980e-01
4.843839939180211163e-01
4.721777734744798671e-01
4.655223636288148836e-01
4.843368581809056606e-01
4.526888484127957746e-01
4.762153198168574408e-01
4.880716064457681358e-01
4.814626424140821537e-01
5.069466172444772045e-01
5.218383929587829817e-01
5.646072507047493749e-01
5.395806717948159470e-01
5.377033497635614889e-01
5.362127583352582771e-01
5.523003319824290047e-01
5.428543248271182620e-01
5.380372391622819661e-01
5.459073300960468611e-01
5.455994499041333379e-01
5.607141578365111290e-01
5.582740463560026400e-01
5.646637539283292373e-01
5.740108251023405828e-01
5.703213840533447598e-01
5.784002543419684006e-01
5.571409284705289844e-01
5.613053961000112890e-01
5.609267290300498088e-01
5.649236757054627578e-01
5.706563052165070093e-01
5.685824490655615460e-01
5.702819007666340978e-01
5.716481695770585514e-01
5.850287094428888723e-01
5.724100552611302017e-01
5.743508765319089715e-01
5.998296841833185011e-01
5.952609764142218207e-01
6.061832391882381321e-01
5.997889612935105585e-01
6.067239893293916442e-01
6.183632044769287184e-01
6.315845123004877326e-01
6.219728174246648145e-01
6.210655783525187434e-01
6.122276664514687550e-01
6.365950617026314706e-01
6.428233517002913677e-01
6.478856558210605021e-01
6.391626478070142614e-01
6.406723659045679975e-01
6.183738692248699209e-01
6.602834540011190967e-01
6.595471206200306247e-01
6.562282557069465394e-01
6.731839961371892667e-01
6.425004986854522260e-01
6.783115705412051666e-01
6.787410930894020034e-01
6.842781402696891391e-01
7.019301456036892706e-01
6.932342440610037571e-01
7.004608047127913739e-01
6.978207205487767517e-01
6.832276409468780454e-01
6.819615363930893182e-01
7.022256124820838163e-01
7.121019305117839426e-01
7.095828380311633987e-01
7.077412153146637186e-01
7.102417787068876498e-01
7.112731908193816732e-01
7.039490081302585134e-01
7.053173398746411804e-01
7.124486487941023016e-01
7.100759133743373974e-01
7.129534620649147225e-01
7.106094540802192494e-01
7.109133506613033449e-01
7.123364571196554307e-01
7.142168126480136214e-01
6.968775461970354579e-01
7.044049511653509565e-01
7.051510282047577238e-01
7.083650695981226209e-01
7.072905501493061964e-01
7.068710300596086071e-01
7.099846133389637881e-01
7.161663806673843613e-01
7.140198988853414530e-01
7.172097510315372793e-01
7.163633206788083685e-01
7.172744968996005444e-01
7.189739026271900757e-01
7.192733993689787164e-01
7.191280100092973804e-01
7.199558098190459443e-01
7.215471832702528010e-01
7.185333607482187190e-01
7.191900140549635223e-01
7.190045806549266727e-01
7.028839893697161889e-01
7.073292830515022223e-01
6.967511775989270184e-01
7.031664229821444900e-01
7.031821222566653207e-01
7.021210623353291158e-01
6.949618572803560879e-01
6.904559167481441051e-01
6.857289518686725538e-01
6.737310971941203874e-01
6.871873021938867954e-01
7.037817685954250724e-01
7.023741899413838974e-01
6.647358836123733461e-01
6.603194749143559417e-01
6.554801803554142214e-01
6.520771218269312275e-01
6.496182965982064683e-01
6.482210293310164406e-01
6.480687177391301068e-01
6.412711359724773130e-01
6.467236987275534199e-01
6.557566705406954188e-01
6.555759670557546048e-01
6.521668398333020367e-01
6.532228258986914060e-01
6.515779037666009632e-01
6.480605269870625129e-01
6.313040332954272804e-01
6.204851022809184657e-01
6.026486606961949377e-01
5.866091513318695272e-01
5.457874562145372810e-01
5.354096171428933681e-01
5.490081303858469486e-01
5.642228041292374208e-01
5.963058689301381499e-01
6.049718073779475347e-01
6.084327370127489143e-01
6.084284306895424432e-01
6.087937528148616995e-01
5.987481527638608414e-01
6.056874070217348471e-01
5.994908091116887272e-01
6.050940037812526651e-01
6.044885200846488171e-01
6.091441647985563757e-01
6.091324586250650430e-01
6.229167824931198805e-01
6.212358605683234725e-01
6.180960317710127994e-01
6.203790123031569514e-01
6.001814452824920654e-01
6.105488918141197541e-01
6.223063913645067169e-01
6.122059055864822463e-01
6.274952802145581376e-01
6.183943362367839702e-01
6.273532552918340555e-01
6.315008735766975967e-01
6.305882598692462704e-01
6.261638571762484506e-01
6.259645758484454481e-01
6.315165650379962470e-01
6.288884835262590345e-01
6.388360912088437704e-01
6.388897285909036494e-01
6.406779823663939499e-01
6.350317486019660951e-01
6.382709307859366632e-01
6.437160266081558557e-01
6.431488947605522588e-01
6.428896603353038142e-01
6.460060398609264176e-01
6.377922131499385028e-01
6.426261085842754905e-01
6.325122199440540438e-01
6.287044669380676964e-01
6.290580363355993132e-01
6.354918997746470399e-01
6.200428653407613622e-01
6.119822018609216707e-01
6.210172516431999856e-01
6.201738491285946342e-01
6.216469526035309778e-01
6.265542742538694476e-01
6.245096378060079889e-01
6.184827312595362336e-01
6.197432544592943460e-01
6.092492205451613962e-01
6.098521816481384805e-01
5.999864222852429041e-01
5.943378044271596661e-01
5.857264282302556690e-01
6.049215737158439854e-01
6.267777873915758580e-01
6.294051941527450955e-01
6.318737435694080640e-01
6.311761067405028403e-01
6.376736350641508677e-01
6.309739900788955413e-01
6.503458591245474540e-01
6.437396564983531855e-01
6.564693738756451902e-01
5.942999831633153374e-01
6.640025737273402839e-01
6.540523817097672055e-01
6.724115756366640939e-01
7.044295733738611398e-01
6.864443192235620828e-01
6.565444703118286096e-01
6.534126469191299247e-01
6.159985293174761178e-01
5.525398108823706966e-01
4.713160386219589215e-01
5.652835235752448062e-01
6.039497912892604070e-01
6.528199615872400940e-01
7.079966432986030123e-01
7.158906882875795130e-01
7.016975666064837469e-01
6.534012634777264239e-01
5.984951985065968261e-01
6.239180395723958883e-01
6.378830760562863578e-01
7.203708288651268221e-01
7.144749238353562681e-01
7.213100392468091426e-01
7.215396050393221294e-01
7.301985483597766002e-01
7.512870399378328568e-01
7.505025387227923783e-01
7.416572745296329261e-01
7.349159391737302149e-01
7.529741309720769937e-01
7.546858267846656698e-01
7.573545818783939954e-01
7.465804901478441113e-01
7.447886385943337517e-01
7.531802468596808797e-01
7.518998410816779554e-01
7.530595073773563852e-01
7.534769396384821682e-01
7.544475634100650252e-01
7.537659061225220336e-01
7.552467377922671421e-01
7.545290182827045777e-01
7.534935558476305584e-01
7.544719560700283711e-01
7.567885658709266883e-01
7.548003180612047336e-01
7.538516092643205990e-01
7.537004402807261361e-01
7.576779765573624648e-01
7.538920193768455791e-01
7.566685437109914592e-01
7.552417332543353012e-01
7.560391418902232541e-01
7.547315015632820590e-01
7.569179564172541230e-01
7.574494940430056555e-01
7.574648192194822771e-01
7.572349252947399023e-01
7.572068870112529382e-01
7.571300085753913667e-01
7.562767023980099257e-01
7.566911374019660297e-01
7.578083869096864378e-01
7.592139080563863329e-01
7.591894663419693767e-01
7.571706624435088351e-01
7.576992484708205966e-01
7.580295108058143772e-01
7.562483647156204025e-01
7.574785065918893112e-01
7.581343722791400452e-01
7.578631428890362232e-01
7.588001080831143774e-01
7.578659702452932301e-01
7.586701907483549556e-01
7.580664425543592877e-01
7.580104824330757829e-01
7.617878650651256356e-01
7.609397201199717964e-01
7.602946727351208578e-01
7.601033568243653615e-01
7.595497383585823048e-01
7.609575498382286085e-01
7.602960491369576967e-01
7.604455953788790135e-01
7.619428499366091012e-01
7.618786025798452988e-01
7.604553375837931339e-01
7.553670340526136284e-01
7.611451097027285284e-01
7.606125021841105838e-01
7.464343357436936666e-01
7.379336859097834767e-01
7.432969924272013751e-01
7.307490152433678832e-01
7.226154285645958186e-01
7.284789373490236919e-01
7.375456879305046787e-01
7.266045303290050716e-01
7.074645738490799030e-01
6.978609793108382364e-01
7.056164675431901845e-01
7.109042583677745997e-01
6.804935502961130256e-01
6.642280463147934855e-01
6.877281748240422488e-01
6.662565318313640184e-01
6.673921488076819397e-01
6.714572729528590633e-01
6.688794213540874001e-01
6.749292702998381799e-01
6.813098475883048177e-01
6.834066037795184512e-01
6.928538062326947689e-01
7.031809917973770307e-01
6.856000366743061347e-01
6.991419657356076067e-01
7.170035501913158971e-01
7.150539420551451641e-01
7.989372303364427053e-01
7.859394019047278857e-01
7.920811601641878363e-01
7.631161648516936458e-01
7.422900083631106538e-01
6.896202647670452990e-01
6.876326960627600071e-01
6.237332683668224131e-01
6.316600467076364245e-01
6.906374565156654377e-01
6.336890164840494055e-01
6.433623511434609643e-01
6.424831434924106466e-01
7.007944550317839472e-01
6.956273398570189670e-01
6.991668087909046481e-01
6.492136165274360327e-01
6.353239567405919441e-01
6.407021451332791662e-01
6.274129660110311368e-01
6.243846704529822933e-01
6.256890300702692143e-01
6.306489182937408122e-01
6.047401623046032570e-01
6.133467573836336451e-01
6.122788845128517288e-01
6.695317289394752125e-01
5.900993377563412690e-01
6.707755600164353460e-01
6.657908477311644813e-01
6.021900519063445589e-01
5.909960917870151764e-01
5.881655116522808147e-01
5.950279550901459436e-01
5.904609659779910258e-01
5.884080274586145354e-01
5.776020384987808898e-01
5.867650135638876607e-01
5.904405635637284266e-01
5.990183146837930739e-01
6.101923883877909960e-01
5.925819585037288562e-01
5.919620314571820696e-01
5.936180096557471808e-01
5.722143711490775830e-01
5.959623829669364881e-01
5.954047458820531658e-01
5.861630688765299135e-01
6.022190192491529981e-01
6.037957198338108622e-01
5.991148600833653415e-01
6.122947699253731280e-01
6.128533229216672762e-01
6.198589635445465040e-01
6.149389904879221103e-01
6.159748416287547101e-01
6.255078962744391458e-01
6.196999942769865211e-01
6.153457497775397522e-01
6.129783099533113733e-01
6.183239953666088695e-01
6.042485851049762546e-01
6.018943130391558594e-01
5.985649105294331696e-01
5.808716703286352923e-01
5.925350876218032914e-01
5.974381162242329291e-01
5.955339867978998170e-01
6.064936755142397162e-01
6.042505534563131775e-01
5.925356944535876691e-01
6.171251798749908257e-01
6.247976616642839653e-01
6.250860743818263954e-01
6.241481039925765861e-01
6.267501011852928405e-01
6.315950137209480619e-01
6.315510348310622302e-01
6.352593565272691700e-01
6.446743943805363086e-01
6.535108142590086988e-01
6.506106548311985094e-01
6.502278555230229795e-01
6.583194285931144307e-01
6.726110728673786454e-01
6.761867896268045630e-01
6.695846713503235126e-01
6.384656698591875124e-01
6.448692560875899371e-01
6.414188985363999951e-01
6.568872909293728135e-01
6.363286548950505273e-01
6.420187741649864277e-01
6.468283458235968286e-01
6.425898740082257588e-01
6.506088680082835474e-01
6.378107761167545187e-01
6.363178166136497227e-01
6.235958080470991316e-01
6.380749881492139286e-01
6.435847949844093474e-01
6.546346873439345959e-01
6.498962535607144542e-01
6.633548658580039614e-01
6.627616337343910091e-01
6.632601831669432402e-01
6.584636839481495807e-01
6.590314813447748499e-01
6.648284858350174131e-01
6.638970193925399776e-01
6.638841906207614274e-01
6.592483247409977043e-01
6.539081355104194859e-01
6.635073853705260039e-01
6.681141489094477581e-01
6.613390125861142721e-01
6.580379064723954619e-01
6.581591809981898189e-01
6.500400110982498258e-01
6.600945130499626945e-01
6.609883671843623798e-01
