6.620762095490946297e-01
6.612013246107013575e-01
6.554706106121296338e-01
6.482392129547799309e-01
6.517579279654273083e-01
6.346202202163608863e-01
6.597912773565047795e-01
6.549587555389628779e-01
6.456802536110994861e-01
6.260319018338889041e-01
6.442265826581008437e-01
6.560395510399020802e-01
6.160850689584982387e-01
6.069571139501346302e-01
5.996390414783077105e-01
6.218526711474351432e-01
6.042241647964691209e-01
6.254677666380508150e-01
6.185519300572845935e-01
6.381536914484552403e-01
6.239820977910208732e-01
6.276011709840068065e-01
6.297841951482128220e-01
6.356567508691274293e-01
6.213948392347387051e-01
6.440960497967215259e-01
6.344814604670465652e-01
6.286144054809799098e-01
5.647278738665578723e-01
5.484667563982658089e-01
4.081426966998599193e-01
4.153021696977565735e-01
3.993441784871488154e-01
4.065248581043405807e-01
4.305132520189376977e-01
4.275461430756053449e-01
4.259547818507920525e-01
4.536973043826615370e-01
4.682418139323613615e-01
4.691767979700731117e-01
4.798652496983735194e-01
4.733934622598660602e-01
4.554164608185027330e-01
4.572073228818073765e-01
4.448711079502321031e-01
4.470015365751690006e-01
4.508055573447787845e-01
4.564228719615667784e-01
4.552142784087229166e-01
4.492650665565381396e-01
4.500975972575445017e-01
4.485189058966490006e-01
4.562227046781854867e-01
4.580280371003939144e-01
4.545596836335627500e-01
4.679964138167859167e-01
4.604207289886446119e-01
4.636542915505755258e-01
4.747478547251287595e-01
4.683402967009490658e-01
4.976171371238256591e-01
4.821050169394812679e-01
4.987536663583783669e-01
5.050561873187695561e-01
4.973978857886666716e-01
4.940580435121968983e-01
5.030591363598346799e-01
5.033768518840481265e-01
4.994087160657307845e-01
7.003580963468438725e-01
7.545647268527966300e-01
7.542501148045471782e-01
7.590221522209464888e-01
7.601809464655606696e-01
6.965162198245591352e-01
7.880424627181348285e-01
6.239657016093943520e-01
5.847688264901511612e-01
6.122009838934281412e-01
6.133258369397952547e-01
6.580745931450222574e-01
6.627242152321337620e-01
6.524139887950304306e-01
6.237185150345703200e-01
4.400506490898379308e-01
4.981945511957313055e-01
5.076474763570530957e-01
5.083463226220336084e-01
5.107459306298944846e-01
4.992806640832461174e-01
4.872268044728383374e-01
4.968280923016790696e-01
4.974230727890652792e-01
4.960981138664623535e-01
5.104172442234364837e-01
5.131299683941857870e-01
5.233283686470152629e-01
5.242724561416983731e-01
5.269288403343508342e-01
5.353754497789272593e-01
5.537808183813753837e-01
5.555701224524585147e-01
5.903670118819074331e-01
5.941553125224392495e-01
5.828454507937758100e-01
5.777099860728529546e-01
5.675400293131859231e-01
5.847175679846372542e-01
5.853460203085739666e-01
5.992047265855597882e-01
5.846572776015055428e-01
5.582958641143860312e-01
5.352032648196994868e-01
5.428591123699871845e-01
5.343499565367686444e-01
5.344483142495688455e-01
5.187121189621278772e-01
5.203341400643357595e-01
5.323751413055024528e-01
5.630532550119710100e-01
5.550241638165690494e-01
5.576917715416079835e-01
5.682032815614636023e-01
5.702461326733602176e-01
5.851684302422287542e-01
5.662495497739382655e-01
5.677536579876573120e-01
5.819727415769641032e-01
5.920168600034232398e-01
5.937629740943655143e-01
5.762972093589203704e-01
5.937946118126984363e-01
6.012069928786843986e-01
5.971277803963552788e-01
5.910235800448444543e-01
5.838251955513112934e-01
6.041678793593155961e-01
6.044811646730756660e-01
6.111682658404876678e-01
6.042626254678534758e-01
5.958734779292756967e-01
6.026537125294778585e-01
5.971235095763320899e-01
6.046394263652973278e-01
6.037654809135605261e-01
6.013496917066881720e-01
5.981526934762886327e-01
5.998777766301004455e-01
5.935980382298503555e-01
5.983294515983190731e-01
6.048185605557860889e-01
6.018474847906642999e-01
6.005870253426182082e-01
6.105542175860071419e-01
6.131172520394534420e-01
6.123537825307658888e-01
6.172401660787077970e-01
6.224694249611113506e-01
6.195020419222734276e-01
6.105750279512044409e-01
6.090680118542732835e-01
6.090783228607316024e-01
6.100534999846685125e-01
6.095238637905885382e-01
6.062956244206179068e-01
6.038277771251486792e-01
6.107883574357031442e-01
6.034066489404092959e-01
6.141162796990365935e-01
6.200597845718420764e-01
6.164777617995023107e-01
6.157257335759495076e-01
6.272348222122166028e-01
6.380237439163254365e-01
6.346474116754213801e-01
6.334734423919227142e-01
6.380144575461241807e-01
6.410490200005400929e-01
6.398374998624153376e-01
6.401028827057957393e-01
6.374574081105657264e-01
6.410430526799092421e-01
6.409365819431407374e-01
6.372119582697655105e-01
6.381000760317051546e-01
6.357963134157240681e-01
6.396738834016681974e-01
6.371481559047780241e-01
6.348480108786606069e-01
6.332864003448378520e-01
6.323661854282952577e-01
6.362697641648481506e-01
6.336816772669010556e-01
6.230379308194610166e-01
6.009371449237770335e-01
5.970598101202945207e-01
5.790646806109696065e-01
5.809447131762373040e-01
5.943743090671039786e-01
5.969853958082178558e-01
6.114329381339550507e-01
5.947213621998499455e-01
5.933468851752594642e-01
5.984130889820600263e-01
6.377145599885788441e-01
6.386204217802745609e-01
6.169358641121148734e-01
6.134316585602361815e-01
6.103802144117994599e-01
5.952127537444741323e-01
5.710858544528826242e-01
5.677701617449840699e-01
5.835238822029329420e-01
5.675191205167529063e-01
5.652330837101657846e-01
5.446828110627679465e-01
5.354010266542061913e-01
5.341214022622986501e-01
5.460822015605788504e-01
5.386891609963273542e-01
5.395042881419432890e-01
6.169149564180291812e-01
6.182686787702540432e-01
6.096320945833189064e-01
6.129684554552885523e-01
6.130886485323101542e-01
6.090475530858878717e-01
6.029377286875587938e-01
6.052474180169903351e-01
6.182424712446942250e-01
6.224349699033121519e-01
5.477055514678662584e-01
5.507162919424535286e-01
5.456074191347076718e-01
5.446690389757765649e-01
5.539376150467211213e-01
5.613825630547071288e-01
5.722516303138170946e-01
5.188436435061272167e-01
5.247292305187423178e-01
5.315676051260387336e-01
5.198801494941924783e-01
5.228494024419922948e-01
5.382475114480131939e-01
5.423111297067896297e-01
5.342550861354183889e-01
5.462604211455722725e-01
5.402117047962253782e-01
5.367378529649740049e-01
5.423678080207617880e-01
5.304925007911076573e-01
5.346729248088293307e-01
5.469784028294779610e-01
5.616054308206045453e-01
5.475304346901883612e-01
5.584509151845304942e-01
5.538653455566032724e-01
5.527653744374088074e-01
5.646630765274176511e-01
5.781489692421505344e-01
5.698384397227134190e-01
5.896656654126287700e-01
5.761022601593075443e-01
5.843266697186869640e-01
5.876131994828398541e-01
5.869398856900666095e-01
5.812348886631707456e-01
5.610578693546166562e-01
5.764375969574704328e-01
5.889471042247593768e-01
5.875470153456900935e-01
5.855973828812852666e-01
5.942995591887758611e-01
5.785281739539088752e-01
5.863673731978744641e-01
5.959275278307230028e-01
6.036697043631511495e-01
5.957774232969286210e-01
5.783140463009848187e-01
5.977057198699402552e-01
5.989360819679845349e-01
5.980403155916076408e-01
5.888628737938202962e-01
5.909929938056971421e-01
5.912400357819047603e-01
5.810233132515725263e-01
5.816054967127495257e-01
5.805035911348215283e-01
5.674800617822670645e-01
5.547504675834531440e-01
5.489598497328245230e-01
5.386600512655883577e-01
5.347318230009838746e-01
5.354403069684323668e-01
5.375450350441335345e-01
5.120862188962214123e-01
4.794411374885093613e-01
4.713800210621797993e-01
4.759278496150859961e-01
4.622932578048685737e-01
4.672895931342976317e-01
4.589838019257304613e-01
5.808675038976688354e-01
5.476619707890295619e-01
5.272074474189819560e-01
5.652349621365225785e-01
5.309375046364008810e-01
5.087395346954715070e-01
5.594751230448339330e-01
4.995608221203432509e-01
5.180100436631025485e-01
5.241672038137619172e-01
5.311532767600057880e-01
5.218457949892167935e-01
5.062352736638416895e-01
4.569016326195384226e-01
4.586285205478525251e-01
4.579495084994792964e-01
4.602205445545642926e-01
4.093120712792463478e-01
3.731428437760611061e-01
3.520487258386903462e-01
3.675504470740937335e-01
3.718354033633116118e-01
3.753273725893582213e-01
3.920308166783093573e-01
4.268556083072942431e-01
4.224410278936968077e-01
4.254063626782705887e-01
4.415081901156545641e-01
4.652882686895502551e-01
4.627226917402076367e-01
4.558794717054940882e-01
4.522102947602686940e-01
4.381587278281417475e-01
4.403508007980932448e-01
4.451329804995031725e-01
4.401045192256240468e-01
4.380081543099980101e-01
4.388254333129346096e-01
4.392730331614788652e-01
4.366240775978358357e-01
4.385197072302794430e-01
4.451262346633644285e-01
4.398145668114828433e-01
4.446506091261885896e-01
4.398254145166007323e-01
4.452760102202004688e-01
4.417153498702358627e-01
4.409965756512832513e-01
4.322781440424025567e-01
4.467423811992689564e-01
4.373343829093132018e-01
4.448044970877795268e-01
4.410431106722550454e-01
4.484678873174441915e-01
4.440865070406704862e-01
4.514975681517682804e-01
4.528741402613197797e-01
4.474527144005561174e-01
4.481233292726808926e-01
4.420669137299528262e-01
4.450662105535493906e-01
4.358328783617417823e-01
4.483708640757729791e-01
4.469926914329382939e-01
4.488198569364746371e-01
4.424667020534102102e-01
4.444605428429969640e-01
4.433879685936946147e-01
4.389878804381677768e-01
4.445127475173007436e-01
4.414693012924467141e-01
4.416672673015792916e-01
4.999618261276093656e-01
5.758170146244121490e-01
5.499115919106635220e-01
5.916835389142268697e-01
6.039322150853067006e-01
6.204991787916490642e-01
6.340289876396772994e-01
6.216181891380667679e-01
5.495096378587173147e-01
5.108572210202064756e-01
5.545949817257749270e-01
5.950165636326995022e-01
5.537818126796738571e-01
5.353783575548953788e-01
3.626976815448694769e-01
4.399892410725039782e-01
4.415568065547217369e-01
4.466140852715063669e-01
4.435840574635082079e-01
4.425598280763199943e-01
4.421901569061099102e-01
4.464226212280232309e-01
4.414814309056261377e-01
4.453987754548622835e-01
4.448258909983136555e-01
4.389400863173493206e-01
4.458979809859502930e-01
4.525862781730409790e-01
4.657181865235116569e-01
4.757405948633825488e-01
4.648441635122527171e-01
4.655906751313564351e-01
4.872138640741706106e-01
4.786900683277021673e-01
4.808986582066960835e-01
4.887802047024691343e-01
4.948872538838897106e-01
5.098649675074370391e-01
5.115847285794390409e-01
5.185025263838680676e-01
5.035623673500536635e-01
5.063296303734684534e-01
5.042622454094028983e-01
4.620820672025510167e-01
4.916051316941780214e-01
4.455461516212864681e-01
5.445570487558405448e-01
5.429545592217588368e-01
5.160442690313048475e-01
5.131543570645612506e-01
4.842434590972375386e-01
4.175796567478689547e-01
3.384808266085493345e-01
3.297648349026075509e-01
3.146787691010899946e-01
3.185158776062489427e-01
3.225799073010557350e-01
2.720471933208316040e-01
2.646165896997517697e-01
2.581437299958174170e-01
2.568429863228710031e-01
2.755013133863580266e-01
3.023512093688734970e-01
3.663485839502261809e-01
3.713955757622288134e-01
3.782621005367861611e-01
3.810297780679673396e-01
3.824742525226959566e-01
3.829180382320264697e-01
3.819963315061504217e-01
3.822503412312098225e-01
3.815916387908123708e-01
3.779520539169636817e-01
3.700582888854568320e-01
3.618667850649052165e-01
3.575494804612351918e-01
3.496418129492385729e-01
3.537378143239010564e-01
3.515554103111507289e-01
3.426194744771304257e-01
3.521069813804232340e-01
3.569964598712472292e-01
3.502056730663359319e-01
3.522019108462595138e-01
3.691627604188738587e-01
3.611796973772717911e-01
3.642086360703931103e-01
3.325548475936243031e-01
3.284492990791599287e-01
3.308589363174656572e-01
3.314381641457646022e-01
3.212668538748573166e-01
3.194067394832439399e-01
3.103396629113744920e-01
3.085942037505888247e-01
3.245012618655686021e-01
3.311379487052362736e-01
3.209616896081895487e-01
3.210155662236372498e-01
3.277062777370935431e-01
3.191326506685599473e-01
3.451188412274832640e-01
3.494263866478727332e-01
3.841817845627139016e-01
3.402026105829372704e-01
3.161487436465987289e-01
3.163304336834687480e-01
2.875350480430975963e-01
2.800999823816933132e-01
2.830152066489793894e-01
3.049926265010466930e-01
2.693991328705765964e-01
2.853660992725389756e-01
3.289331823702930091e-01
3.484823727012639205e-01
3.517326873164995926e-01
3.981224924075598692e-01
4.244603287647354395e-01
5.626865976544798142e-01
5.832249957090641646e-01
6.071331391937107025e-01
5.847407856067532439e-01
5.700731695933674015e-01
5.597635726910920040e-01
5.626666625180664072e-01
5.640938758208420278e-01
5.605594252147626522e-01
5.450625764625148806e-01
5.502849703313886787e-01
5.433236397348495395e-01
5.548902831866550089e-01
5.565827559890683673e-01
5.803850155941205902e-01
6.001130307747981618e-01
5.806158334338162863e-01
5.994239753422463401e-01
6.399749323880870033e-01
6.130008671715285740e-01
6.004800563358277943e-01
5.951102793480259612e-01
5.880411556389916194e-01
5.697013234626003841e-01
5.547707535931711842e-01
5.754356222432248646e-01
5.685146846671222942e-01
5.343217239663700102e-01
6.031435854112729977e-01
5.896542536944670010e-01
6.019381020392348125e-01
6.020138080748937970e-01
5.865586028114087025e-01
5.861722452056720156e-01
5.725817032644876514e-01
5.742504636601157841e-01
5.775280800133072434e-01
5.879689653561712692e-01
5.839346997115889559e-01
5.877225660252067829e-01
5.849455353473853592e-01
5.976703843500336122e-01
5.871439941163842935e-01
5.805785825199919481e-01
5.889233142268766041e-01
5.805014211018908465e-01
5.791568098537653864e-01
5.731943260822185415e-01
5.673362739106238006e-01
5.615128308798240653e-01
5.575516804084762468e-01
5.369037767564792674e-01
5.392485914601722330e-01
5.273069082841222999e-01
5.273932463298698359e-01
5.312890909093027636e-01
5.365025467299953110e-01
5.473124689800326070e-01
5.526307614266591228e-01
5.653366401688310061e-01
5.752952247387522755e-01
5.873726632005624726e-01
5.806270344507649117e-01
5.871913629649323507e-01
5.860834743358583898e-01
5.777448418644933748e-01
5.818758210476081549e-01
5.721115699382179898e-01
5.630017865041772041e-01
5.671668300904441073e-01
5.537929992918685373e-01
5.567317811902290359e-01
5.661962699147914391e-01
5.575441290921157034e-01
5.573269857921713255e-01
5.577661667489168806e-01
5.649529562909169078e-01
5.710867493293992903e-01
5.601118110973916098e-01
5.782535981911813838e-01
5.877905691499341057e-01
5.811731754930575811e-01
5.668878122527021279e-01
5.850799023662469622e-01
5.792252776149883209e-01
5.748113394163361090e-01
5.761449284516296787e-01
5.830269364020735923e-01
5.792447113630728728e-01
5.748764482661574693e-01
5.789662730779883137e-01
5.658451108768580706e-01
5.598003581509859439e-01
5.585071835331433254e-01
5.575936226971954790e-01
5.677720931360898948e-01
5.645696960656800822e-01
5.052375768646080179e-01
5.142708113900491540e-01
4.985154991905641486e-01
4.829365922541423162e-01
4.681427866626193257e-01
5.206247976125877308e-01
5.316455534027821894e-01
5.560554655802252277e-01
5.930570252403986053e-01
5.923432862229466300e-01
5.933291644198912529e-01
5.951246588663759995e-01
5.947087418110057477e-01
5.934590046558382292e-01
6.284208499601002806e-01
6.218153443579965689e-01
6.273208717877249985e-01
6.167304821476160548e-01
6.101203830191829214e-01
6.079086301043798990e-01
5.943217334608021929e-01
6.060074725093232972e-01
6.125495357828766307e-01
6.010677598949802913e-01
5.942359850915900354e-01
5.873535067187085623e-01
5.786263988901496624e-01
5.920771495214123270e-01
5.825259411221064276e-01
5.867726799208015098e-01
5.982458328983782936e-01
6.074470151803484930e-01
6.042973633431332203e-01
5.917299587359881041e-01
5.727639963688085922e-01
5.839784112988528619e-01
5.857668231130669367e-01
5.934777695399398034e-01
5.947824640475478652e-01
6.074832371448541934e-01
6.023671883339294375e-01
5.871506890010360635e-01
5.944457722592262350e-01
5.869646512170121344e-01
5.756543429657524635e-01
5.003775241290261411e-01
4.357782750648756531e-01
4.335898207445340047e-01
4.549193675689905403e-01
4.176294383611572902e-01
4.798223414019517352e-01
4.659857945394554335e-01
5.119423319782399062e-01
5.598163905143154206e-01
5.767844702103789301e-01
5.938249029416305946e-01
5.846801527671634524e-01
5.803222810590091818e-01
5.776891590355821560e-01
5.804293459008039724e-01
6.044152419249443353e-01
6.042535090550613663e-01
6.060468797261668872e-01
6.139706050438661356e-01
6.102050922364589125e-01
5.980361494133469291e-01
6.380723591677355255e-01
6.200615565275644503e-01
6.285580807508303058e-01
6.474430413693466058e-01
6.405313905644561823e-01
6.483839694360922223e-01
6.356355306736596322e-01
6.467581692979849084e-01
6.499714692521983972e-01
6.384414350399971738e-01
6.409105618680854821e-01
6.342703812417282982e-01
6.317190130157290806e-01
6.281757211165193144e-01
6.312700391892509533e-01
6.165038843967898252e-01
6.146647946748631242e-01
5.909209835022021240e-01
5.860567684229222030e-01
5.855949273788303433e-01
5.677003715519441940e-01
6.009826641650802825e-01
5.676546850891938112e-01
5.749728386525305712e-01
4.480845760935391331e-01
4.783130308501710726e-01
5.053263343862606227e-01
3.796561976712623521e-01
3.636981474531510439e-01
3.404578117847010810e-01
4.806234018025518639e-01
5.790483627324609639e-01
5.750777179454901189e-01
5.527898572649522224e-01
5.661334133831456006e-01
5.814242237419949832e-01
5.414076988149308933e-01
5.949959888771325645e-01
5.877549778142368009e-01
5.922952737450166705e-01
5.565335885083413370e-01
5.634644841968853290e-01
5.626143748405972866e-01
5.656913114723277625e-01
5.684609669257132403e-01
5.631486396602877198e-01
5.584193522868131643e-01
5.568080859895253587e-01
5.266921265714286093e-01
5.350716998145983450e-01
5.608105137516252725e-01
5.516552432196688560e-01
5.521570376046447404e-01
5.418618729913602383e-01
5.436169733846835106e-01
5.446008443555103717e-01
5.897042157366967352e-01
6.163321380891418899e-01
5.461750558408058343e-01
5.036538646104313788e-01
6.593271101688211733e-01
6.669948235866707265e-01
6.745302993888130372e-01
6.798268384451232604e-01
6.829721659174082804e-01
6.807277803455527021e-01
6.869116260195776702e-01
6.107732009764351711e-01
6.181248406104905557e-01
6.234069251043860005e-01
6.124930539400029739e-01
6.076190476808179808e-01
5.902271157824147130e-01
6.037945505399952006e-01
6.045584843410299891e-01
6.057994485165043574e-01
6.061548365196135491e-01
5.844699777327109214e-01
5.925063713573223145e-01
5.848638976680727852e-01
5.917503274361043397e-01
5.881103825496002413e-01
6.141326617227544915e-01
7.299222914290700581e-01
7.262823853171712640e-01
6.231812014320315951e-01
6.289207247676389390e-01
6.377849708041527510e-01
6.434846228855962691e-01
6.595962137485732457e-01
5.826183504019799564e-01
5.907983074951013158e-01
5.341919177695046983e-01
5.279097729702165731e-01
5.406745328358772973e-01
4.560606173291171239e-01
4.636593296245647977e-01
4.977903085774423864e-01
5.351205965177144863e-01
5.350581409439023606e-01
5.741684264185840103e-01
5.677432335601310109e-01
5.530862771216560336e-01
5.103987638512905711e-01
5.135446238822175546e-01
4.996225123029782722e-01
4.526143903017853520e-01
4.647210494416501025e-01
4.202389997559225487e-01
4.319981554352516628e-01
4.397948494993957902e-01
4.259077572075235518e-01
4.246453886372718589e-01
4.247455353651028997e-01
4.192420743213352563e-01
4.261237273839410533e-01
4.149684283084885128e-01
4.211914658138563028e-01
4.305682060343876683e-01
4.280142655289805309e-01
4.202624930478532916e-01
4.562370362566026682e-01
4.231106465787608517e-01
4.644571711427312177e-01
4.371680021382216563e-01
4.369164440146179884e-01
4.816506108817603660e-01
4.457863618009130779e-01
4.439780672662683725e-01
4.591604216264453808e-01
4.580466644188911363e-01
4.504689650265699119e-01
4.396796383787595075e-01
4.300167253638426668e-01
4.475653156402532584e-01
4.460391154796395363e-01
4.527253940904785168e-01
4.466912720238112033e-01
4.537955849249772911e-01
4.510969104812498354e-01
4.595419582262765812e-01
4.515985602733083026e-01
4.434163083805223171e-01
4.499763583631423702e-01
4.526163738406287496e-01
4.494800716947617292e-01
5.010142050160171223e-01
4.947843634557828607e-01
4.660861823996604869e-01
4.564514828657073031e-01
4.559496103791999544e-01
4.736415895509548668e-01
4.659246128440359125e-01
5.180823384345086824e-01
5.148768665050617033e-01
4.679789358153240708e-01
5.012949605983187951e-01
4.477572104856168411e-01
4.710811339734122805e-01
5.275702143533868016e-01
4.840897097698481644e-01
4.863629032638887573e-01
4.856981134085299190e-01
4.868241456154798197e-01
4.778074914842230236e-01
4.842151967304741955e-01
4.727997292664143925e-01
4.762326788440728875e-01
4.530793605081083197e-01
4.547842202458137195e-01
4.611013212514294413e-01
4.603083991740151149e-01
5.030488885815739275e-01
5.010124241151597824e-01
4.923318120854146551e-01
4.848250768437781244e-01
5.119903084769016344e-01
5.072437870583313968e-01
5.197269516642608611e-01
5.282019944264860767e-01
5.391349743099680403e-01
5.176225346987808340e-01
5.098798759931422175e-01
5.143226874012570837e-01
5.447476331856669907e-01
5.530390046471458376e-01
5.655278980888780449e-01
5.003801499549650478e-01
5.414703666299502949e-01
5.369682823484450696e-01
5.480237999854251640e-01
5.628657275333360799e-01
5.775792075980441531e-01
5.405184622609450207e-01
5.333841358461802740e-01
5.334782047992245868e-01
5.274263647719988901e-01
5.320145717016822040e-01
5.205707117385555138e-01
5.356806906642633814e-01
5.327064454272669725e-01
5.259488598806273396e-01
5.282535480047002574e-01
5.320557420797902282e-01
5.340050645299643239e-01
5.200608114510192337e-01
5.396542596800606439e-01
5.587109807902905789e-01
5.501877519979038178e-01
5.378001198708102226e-01
5.359159904016636000e-01
5.522748469453302445e-01
5.415718392864525832e-01
5.324324996248379627e-01
5.205116446560640320e-01
5.418488456677758025e-01
5.264940234378608919e-01
5.236772402763182344e-01
5.406769212792602586e-01
5.493588054888548511e-01
5.423775487811474116e-01
5.588238180819278256e-01
5.506006196906851891e-01
5.414239417224535611e-01
5.398977361835961553e-01
5.324578360551049938e-01
5.335445415228375898e-01
5.064519165957029889e-01
5.047585857617015170e-01
5.154876514670179155e-01
4.992292605629806146e-01
5.077436152359076083e-01
5.166172306890780552e-01
5.110361837781562944e-01
5.201242100163869786e-01
5.306969475206900766e-01
5.323264003523021648e-01
5.122633332225623448e-01
5.118606169194271915e-01
5.134892137152138325e-01
5.101719664032287049e-01
5.100233015122200841e-01
5.074037353780309623e-01
5.016004837868451860e-01
4.565202537575553388e-01
4.597246884206789286e-01
4.500519638964083913e-01
4.489541314502256686e-01
4.436318651443652561e-01
4.463539129043244125e-01
4.453495700026934845e-01
4.671356959336350756e-01
4.918882639646355859e-01
5.144298260055558680e-01
5.121668898528317637e-01
4.696334035850500133e-01
4.828403713709908396e-01
4.979885875663228600e-01
4.927400603171287474e-01
5.024306284119977040e-01
4.872527270242867359e-01
4.949738305625387969e-01
4.966208664274008311e-01
5.121738022282472658e-01
5.296951804560081634e-01
5.097083219537851262e-01
5.167898905975477630e-01
5.240615399000693175e-01
5.119350448559947253e-01
5.142239298374278178e-01
5.190476269131889531e-01
5.081641400871281800e-01
5.081923024598807848e-01
5.124406101821544768e-01
5.195775319723818786e-01
5.171000480303222790e-01
5.205455089421334725e-01
5.182051559694799137e-01
5.109504019218459314e-01
5.294540065461381673e-01
5.376425161029789734e-01
5.421672108694315373e-01
5.411680466505188747e-01
5.353979687683371180e-01
5.523282014983653676e-01
5.752330296686788413e-01
5.516700025794210038e-01
5.228011655809207126e-01
5.155152684101899085e-01
5.083506933952092188e-01
4.980437822343705689e-01
5.120746073531076137e-01
5.124424383971886154e-01
5.195805245218367840e-01
5.176473979602479458e-01
5.378187395398058568e-01
5.375085584259015059e-01
5.334566447338258133e-01
5.155404664726557229e-01
5.216437467714348797e-01
5.219434917013757724e-01
5.578827088986521021e-01
4.852380747471519706e-01
4.778945105200444465e-01
5.299740479027748030e-01
5.310372368309967950e-01
5.303255797704385932e-01
5.253492906942034413e-01
5.249417954473390990e-01
5.263496473325317559e-01
5.511332329509447403e-01
5.791908974974865343e-01
5.814961637192720412e-01
5.106307184234705199e-01
4.812241738296857974e-01
4.202198895658925681e-01
4.400822896672635376e-01
4.744560071140142554e-01
4.322555262620847438e-01
4.818748257632847753e-01
3.839456695071560843e-01
3.845570386111388794e-01
3.922666044151260634e-01
3.637335379899993559e-01
3.673665865990857760e-01
3.239509745294721910e-01
2.986904718107262768e-01
2.664808939544294208e-01
2.941861488214528864e-01
5.584660442507015654e-01
5.491754414103817705e-01
6.081374161590946681e-01
5.839103312643623145e-01
4.670099877809302247e-01
4.369306791887174746e-01
4.519106317391146099e-01
4.810761777596885835e-01
4.904425205875216909e-01
5.822482984747453516e-01
5.416387542348458650e-01
5.268564661146103445e-01
4.746854256812313988e-01
4.887751049021440419e-01
5.123430741613204109e-01
5.305810876997488768e-01
