2.988044395787121665e-01
3.524891088258674254e-01
3.881462786081683047e-01
3.859843390575340427e-01
3.907380408409122374e-01
3.844753606642013488e-01
3.802268793713588502e-01
3.962537544434540093e-01
3.941182387719392999e-01
3.922085004419414989e-01
3.846729081333964961e-01
3.707926144393454138e-01
3.735996187916954536e-01
3.749476072046858954e-01
3.693660003177087203e-01
3.556282182584002416e-01
3.636237713740096966e-01
3.487698464449914271e-01
3.546487039947466835e-01
3.513314376437955411e-01
3.517678703045191702e-01
3.529417923241475741e-01
3.560300439252527260e-01
3.721255254729611828e-01
3.561676398450594472e-01
3.687832048526944462e-01
3.451146196819612766e-01
3.309646242194353993e-01
3.423754725841711699e-01
3.360395228065320983e-01
3.192956549397475419e-01
3.179053431827394971e-01
3.014509677936410559e-01
3.089719344495565068e-01
3.329976227654048992e-01
3.282028527477431346e-01
3.213975954797434476e-01
3.235332033920129691e-01
3.231555258237007178e-01
3.273619852339453851e-01
3.438698487043326812e-01
3.402078997042975450e-01
3.588923699429968361e-01
3.504767148733431426e-01
3.311148472316332025e-01
3.088286800256957454e-01
2.803615404835713143e-01
2.810523422512557490e-01
2.938447085708192352e-01
3.092921610938818566e-01
2.826700526443899908e-01
3.520238830887740256e-01
3.679628170115993857e-01
3.733589589794671926e-01
4.022752521169107309e-01
4.361706841360860620e-01
4.915220168854598226e-01
5.615410214930733890e-01
5.890685280676237756e-01
6.124048673251877295e-01
5.995647921278048909e-01
5.715080350635018958e-01
5.455875111209220751e-01
5.553860015411464790e-01
5.495407451086969930e-01
5.660317625810362685e-01
5.471022556039761842e-01
5.535836653159125209e-01
5.754053177851845557e-01
5.666325109012586569e-01
5.679057726500057468e-01
5.812951980418549214e-01
5.649351405764082568e-01
5.412497047298863162e-01
5.533914151739133258e-01
5.635218820981091614e-01
5.700154228352888319e-01
5.647974902635714001e-01
5.635128601385377412e-01
5.615920633232034387e-01
5.701844040039043549e-01
5.752903248761062072e-01
5.848369646267468358e-01
5.876651971030570909e-01
5.881709144024364067e-01
5.900540973356769303e-01
5.881457663954213766e-01
5.883903228691218512e-01
5.833786453042828501e-01
5.857023411463171403e-01
5.868133930687973177e-01
5.754017130113135980e-01
5.727727883383240126e-01
5.645732836499703922e-01
5.827979781031278339e-01
5.738003334696457625e-01
5.759661545870249366e-01
5.806874285934153779e-01
5.740984986994830397e-01
5.737301362246083336e-01
5.756294808977998612e-01
5.750568872761632200e-01
5.802008078996910845e-01
5.791287989606099806e-01
5.808403557029333530e-01
5.851640727644950024e-01
5.796049539085936786e-01
5.797507031341765371e-01
5.771486214077302668e-01
5.832520854644649422e-01
5.846080803692003114e-01
5.817673006250814183e-01
6.167368124486973802e-01
6.183254114437750637e-01
5.819973474918305190e-01
5.928850930519882212e-01
5.757310259725876289e-01
5.741736969375155208e-01
5.976537640500441118e-01
5.466933766767976266e-01
5.413202842478851418e-01
5.452186420847412451e-01
5.313218125318892593e-01
5.683357043027706945e-01
5.636284437486055454e-01
5.544215533983647415e-01
6.207005523662860735e-01
6.219186552906812437e-01
6.030179716502519494e-01
6.122892625647481379e-01
5.718299760202401050e-01
5.747256336910603336e-01
5.735919629054871960e-01
5.727737735371265515e-01
5.678975283400033991e-01
5.705976184263652495e-01
5.778743665526535622e-01
5.759429685669870125e-01
5.763539405703607121e-01
5.757628065720562516e-01
5.652110158758405500e-01
5.833925278643093959e-01
5.747236777432996879e-01
5.662223244363436825e-01
5.656796958513558016e-01
5.520364579432827101e-01
5.435079069913448802e-01
5.488540229791343261e-01
5.512596723391989251e-01
5.521126928975410575e-01
5.464266787407889847e-01
5.363312535885111920e-01
5.371872564569841746e-01
5.527178177865317288e-01
5.592161544982184873e-01
5.560514480478742083e-01
5.639773021545994025e-01
5.672539162851916172e-01
5.824293064896715055e-01
5.817128662939226036e-01
5.759593333229880985e-01
5.876261454488895808e-01
5.905877752465256147e-01
5.754933498242833512e-01
5.817731054579590166e-01
5.779263755972794403e-01
5.797365868325214944e-01
5.699350981957750362e-01
5.711732395041013710e-01
5.695301287586119754e-01
5.757116448725635438e-01
5.724999694541678119e-01
5.671771818051094538e-01
5.665197436325559721e-01
5.867065710996960393e-01
5.760786795212086142e-01
5.744345972323403604e-01
5.863169821042213403e-01
6.000390939677082702e-01
5.751392768911655073e-01
5.824301090264735192e-01
5.742740177449728867e-01
5.875476043323988318e-01
5.843298765670101869e-01
5.645550881717775749e-01
5.852958251064804829e-01
5.754261278122647649e-01
5.740422180539892505e-01
5.806552080698399454e-01
5.663909237241441241e-01
5.666265808909104473e-01
5.703623188585430492e-01
5.680746752733154548e-01
5.696764153656788121e-01
5.638351428989716307e-01
5.074975603628119059e-01
5.142157652155878722e-01
5.023984974389448244e-01
4.932645100823981887e-01
4.869471710082380334e-01
5.187397049870949850e-01
5.384627734908609131e-01
5.457155966996958263e-01
5.619689327085154451e-01
5.691602818447463186e-01
5.813933993387050414e-01
6.009519101646781936e-01
5.972290660538254192e-01
5.923866104779184072e-01
6.169158715236551238e-01
6.290859119416600809e-01
6.406192292866781379e-01
6.152063492086981000e-01
6.311705114156865859e-01
6.289047004783275829e-01
6.151581847337180831e-01
5.888427543782077667e-01
5.937018595083969341e-01
6.026629027610135303e-01
5.928278436324003753e-01
5.935901803325170922e-01
5.992224106509409509e-01
5.999380895255346235e-01
6.135435677143969979e-01
6.026945698174271948e-01
6.133054044709910224e-01
6.162123041566066606e-01
6.201446434893926885e-01
6.160781408464605091e-01
6.129783532474916141e-01
6.083064045335891956e-01
6.152759861919356865e-01
6.054261596131873535e-01
6.069814526396800636e-01
6.164040968051908154e-01
6.097187434799909989e-01
6.160191051263583795e-01
6.011605203563500366e-01
6.089254990053121208e-01
6.334939181801065855e-01
6.231732646528803654e-01
6.029252492497532145e-01
6.099629057223299178e-01
6.158087936198242129e-01
6.108437018132116814e-01
6.095416701357940781e-01
6.176919230603880040e-01
6.257014551482427134e-01
6.246560326492375248e-01
6.186795067210745236e-01
6.179921578338594124e-01
6.169110340680686866e-01
6.317132484159512229e-01
6.194724337819752513e-01
6.206311988016082193e-01
6.181612648492752493e-01
6.136178420531860356e-01
6.151694230383575324e-01
6.122972218597363403e-01
6.128652096414602957e-01
6.105844171171167512e-01
6.059490205551578690e-01
6.187794432491627861e-01
6.152710796072352606e-01
6.390830753063756475e-01
6.190568910163455341e-01
6.311852487775314602e-01
6.171879239204135503e-01
6.139864749585575154e-01
6.049405408942265527e-01
6.123796114457884521e-01
6.104897579773803651e-01
6.107011425508622748e-01
6.136481158536963854e-01
6.151652761146588766e-01
6.178874123684509057e-01
6.261617767599160223e-01
6.067873897905688985e-01
6.183477005361006640e-01
6.113886397570845732e-01
6.163795327810590585e-01
6.110937152619313473e-01
6.243223969691589215e-01
6.117832924178158160e-01
6.201290507710833788e-01
6.188290105435262367e-01
6.114378944973419827e-01
6.177208900563748717e-01
6.087553723308221088e-01
2.735154109279230861e-01
3.500492746004099098e-01
3.182864351608823417e-01
3.093678044231826796e-01
5.598428554369311305e-01
5.857449782258575821e-01
5.859191739567429780e-01
5.463615625998508030e-01
5.758648675398976291e-01
5.455179925088458059e-01
5.747610762418100538e-01
5.747161073131308306e-01
5.909044067398762090e-01
6.004302279661646313e-01
6.145376739511051456e-01
6.227086601494522533e-01
6.130272238155202169e-01
6.005121380319367042e-01
5.952111488602722655e-01
6.079487363280686729e-01
6.008454445689846990e-01
5.915007499916283829e-01
5.788906127781894284e-01
5.934979079855003947e-01
5.977537547954523411e-01
5.961811266506669149e-01
5.957068734801200804e-01
5.857612648857496440e-01
5.806191419374592266e-01
5.771995158077071197e-01
4.938461801074350288e-01
4.530179118319199172e-01
4.481589008048476042e-01
4.511990261352082920e-01
4.869384298496012842e-01
4.668274823435254461e-01
4.977973166841641595e-01
5.181156112623190868e-01
5.606604027071331320e-01
5.760243878770687775e-01
5.889375506218763601e-01
5.787791593070000795e-01
5.756974432665979968e-01
5.975464648111368238e-01
5.908016471807885361e-01
6.061764852928956948e-01
5.934680603663345932e-01
5.830858566244517815e-01
6.133845118549899889e-01
6.131426453125653486e-01
6.234308149942063837e-01
6.319208733611859641e-01
6.299980232001565206e-01
6.334699109096452174e-01
6.340463290622246895e-01
6.483369278691569759e-01
6.457012140165380165e-01
6.401700038269757531e-01
6.436129835159671853e-01
6.296007883549472606e-01
6.374608080874347715e-01
6.348483663534466581e-01
6.485642490299441398e-01
6.382450324330528613e-01
6.373085717005114725e-01
6.196914851772342692e-01
6.119977023265611438e-01
5.964007801151181010e-01
5.867394258867929535e-01
5.688385511588289756e-01
5.893180361833640912e-01
5.696345810194469728e-01
5.653424051231642489e-01
5.760061856942477743e-01
5.738339694321233919e-01
5.694462392298237363e-01
5.640947415139508925e-01
5.749886673435018469e-01
5.690872363383172594e-01
5.626801761686670567e-01
5.522247598581759842e-01
5.433762656846041761e-01
5.373474775804049086e-01
5.441817234403327763e-01
5.539910656134015010e-01
5.498294227645333931e-01
5.415779317287996442e-01
5.354858261201038694e-01
5.519655679610385723e-01
6.014617384125172661e-01
5.371818881265217893e-01
6.388122705660039813e-01
5.913858552657506040e-01
5.094308892479865181e-01
6.675426174196911200e-01
6.827350184127976007e-01
5.992841478239697706e-01
6.999776606478037566e-01
7.180214976508865199e-01
6.147762182055158675e-01
6.102624261961059338e-01
7.301274419997602072e-01
6.400372130848313024e-01
6.345264976205748919e-01
6.372588125271966275e-01
6.422677625505842647e-01
6.374266045695474725e-01
6.170126736264495149e-01
6.282891981999653153e-01
7.351912727810390180e-01
7.361529861575107914e-01
7.319976973194576297e-01
7.224099003031926314e-01
7.288183641640895161e-01
7.413406435242516634e-01
7.372227515392922870e-01
7.389426647407986160e-01
7.412891362960495334e-01
7.360588003551876701e-01
7.273145401005959299e-01
7.185765783615413183e-01
7.085680406423414679e-01
7.005067806710355560e-01
7.253023053044187485e-01
6.263235346989816099e-01
6.416724735752223907e-01
6.473089899390275237e-01
6.583556286182143946e-01
6.712336609866164094e-01
5.881807395601090782e-01
5.998006671481497243e-01
5.867834371336606569e-01
5.243203951426510523e-01
5.394517067748209049e-01
5.018195783127712417e-01
4.606924677246022060e-01
5.264785880699905940e-01
5.472094237454571131e-01
5.764178545183181734e-01
6.041503947977499012e-01
6.037137359229124423e-01
5.924336319382680349e-01
5.854701291917322470e-01
5.788557839209664824e-01
5.755007611251631294e-01
5.903123095924683872e-01
5.846015775126436331e-01
5.759609595692108952e-01
5.826921186171459821e-01
5.568654641691530571e-01
4.926193116506978886e-01
4.916938978791658976e-01
3.978265141917692316e-01
4.307232707098145874e-01
3.967055706838703011e-01
3.961865544057361355e-01
4.248143838262175565e-01
3.915318861189813204e-01
3.899152198696313465e-01
3.864604351345795052e-01
4.027661516376729867e-01
4.035218453977448827e-01
3.992050865867455278e-01
3.977528209079170263e-01
3.957556721470014693e-01
3.955384547097168801e-01
4.034782957197611819e-01
3.963519147765255934e-01
3.920196692963834884e-01
3.948971462073210259e-01
3.939766048831056522e-01
3.996756295492489008e-01
3.988669071656881226e-01
4.034565916991210144e-01
4.012853075216595844e-01
4.071088837134492766e-01
4.082894292832097705e-01
4.000200105805382655e-01
4.022885321817457616e-01
4.030295457098062584e-01
3.950267597940625985e-01
4.001262577325033210e-01
3.962880036073956336e-01
3.944661897305087872e-01
3.912596534207623544e-01
3.909702284374146353e-01
3.821261302552168004e-01
3.786102597101979050e-01
3.768531893003881916e-01
3.721666449580978697e-01
3.839445717206002029e-01
3.740717873676304706e-01
3.660095549943165327e-01
3.625424442798050317e-01
3.614590855721486196e-01
3.548622562708070860e-01
3.573176294116933716e-01
3.673227308765776855e-01
3.665400523740612315e-01
3.728534647448049633e-01
3.780890475008200080e-01
3.862731471769879632e-01
3.801218766745974587e-01
3.939210860564221206e-01
3.895759365872002999e-01
3.939534948569256012e-01
3.948681087387549415e-01
4.083832952642830194e-01
3.927923615817034975e-01
3.909248666620434576e-01
4.124990429910986300e-01
4.269764434356055904e-01
4.369815748755030982e-01
4.509606116194953551e-01
4.298601425399870002e-01
4.413120774054169471e-01
4.449952467117032628e-01
4.433581434310023828e-01
4.474955234853760788e-01
4.455843169722876751e-01
4.481032707027027828e-01
4.535890972067178062e-01
4.490401364634777903e-01
4.545868222478643417e-01
4.601187419694767744e-01
4.602282097980200937e-01
4.529953677919676402e-01
4.473457452305240611e-01
4.246310211125976508e-01
4.107205470585933438e-01
3.938128955728476543e-01
3.976462409963550937e-01
4.023624555651422185e-01
4.009180142979293926e-01
3.889753934910615274e-01
3.846741461184586264e-01
3.823615258523787586e-01
3.326085991215633197e-01
3.313611930477691758e-01
3.466072598505379743e-01
3.101042913203210238e-01
3.063759269263094942e-01
3.053560246497490360e-01
2.969016228986178785e-01
3.061312968880001706e-01
3.043303668623927871e-01
2.998198645175143562e-01
2.978920504798712177e-01
3.023775897853365202e-01
3.009379566394306815e-01
2.969354636108685330e-01
3.127999298878220147e-01
3.385289165750970941e-01
4.066814748571198623e-01
4.006469211630456217e-01
4.163217283961877513e-01
4.179052040158224290e-01
4.446474499254450818e-01
4.577157101428104280e-01
4.627715978961022825e-01
4.695547256382527346e-01
4.671496222122831776e-01
4.674705855119805631e-01
4.546595105568935202e-01
4.581709630793288079e-01
4.528868480788197926e-01
4.534183088324409416e-01
4.537822223598736437e-01
4.492225190524481437e-01
4.438348102275355145e-01
4.423288000054517166e-01
4.402494893535855436e-01
4.366641451477057956e-01
4.311764212701962862e-01
4.336266879902284654e-01
4.192483616803651114e-01
4.140658821558955704e-01
4.046378060505845808e-01
4.048962920826968404e-01
3.955610681229861370e-01
3.988534903718077285e-01
4.009349211208237396e-01
3.994670609825890506e-01
4.463930644434600525e-01
4.127726563219381584e-01
4.579991266769920522e-01
4.180360984102118871e-01
4.223536902866060205e-01
4.571191854875963356e-01
4.669817001319148675e-01
4.251948111445612022e-01
4.250661265317639548e-01
4.293788640252115818e-01
5.378096922888480069e-01
4.388666228089050381e-01
4.380258662872657527e-01
4.389340532375713977e-01
4.485597352767152213e-01
4.559708538665175337e-01
4.542328313490454628e-01
4.479722836402080799e-01
4.569448645300823730e-01
4.949880996713731385e-01
4.476396762882744462e-01
4.433583491567082424e-01
6.191937525944484211e-01
4.732411721286955419e-01
6.112935986513984288e-01
5.881704912611951386e-01
5.554825075110050303e-01
7.245359255601976356e-01
7.432707050651822245e-01
4.711962422496354663e-01
4.083636848873955505e-01
3.975223214310946163e-01
3.860961749954270328e-01
3.841314608013304821e-01
4.563319546415243178e-01
3.471514486156804247e-01
4.082410928205302825e-01
4.439713434176250084e-01
4.762085009118667278e-01
4.439159461555934327e-01
4.452871318396385281e-01
4.480084810428898723e-01
4.318766619543527585e-01
4.484536405407217319e-01
4.461161744809904461e-01
4.567493851313996212e-01
4.543308924242514535e-01
4.453139152504478893e-01
4.915147285692649248e-01
4.981168900868911398e-01
4.977410801671995344e-01
4.943878564581206669e-01
4.879288231246936003e-01
4.931115274928531411e-01
4.818900673941531876e-01
4.821018108467572394e-01
4.850244009477651663e-01
4.958974259716709687e-01
4.854508466747999296e-01
4.872911957274458916e-01
5.456758913788901655e-01
5.347572261539599303e-01
5.235262777455838012e-01
5.294115598205567652e-01
5.567335253514789084e-01
5.539517378429877903e-01
5.605924752490578644e-01
5.625178584506658197e-01
6.230340795863158476e-01
6.276387870048015794e-01
6.138509461981069837e-01
6.155629060749472359e-01
6.190454411029993054e-01
6.354976999711002827e-01
5.735157507527893772e-01
5.638755420595082946e-01
5.608893922086150008e-01
5.494829270482770589e-01
6.046066624713493098e-01
4.928528431364275209e-01
4.618880815181111155e-01
4.971972770183777923e-01
4.639746881139371615e-01
4.880293558436724077e-01
4.811563537283156111e-01
4.939503033449025304e-01
5.044428221650245625e-01
5.160952110215458744e-01
5.128187084891854264e-01
5.679389617104680932e-01
5.280185638382079993e-01
4.782727708425856261e-01
5.284443645250809229e-01
4.890988930067287632e-01
5.303115682403487519e-01
5.271061943228174673e-01
5.822345012914073026e-01
5.277145568816323795e-01
5.296014863748484958e-01
5.279015721777235992e-01
5.255663686904740173e-01
5.253310926717804641e-01
5.724345015156631078e-01
5.707990932643876025e-01
5.180770356823679590e-01
5.222115887409982671e-01
5.226668807126310101e-01
5.275398427926025757e-01
5.265698269802953080e-01
5.282889054068936607e-01
5.860682332676064865e-01
5.279342298187477134e-01
5.816216329579990685e-01
5.297082647606955463e-01
5.258296387308695197e-01
5.682134162657005438e-01
5.108605233149753344e-01
5.700507705647691603e-01
5.716397063008795687e-01
5.697433853601373555e-01
5.698085444229559204e-01
5.695035327948929638e-01
5.660951850296311871e-01
5.178985518348608874e-01
5.179579140704974050e-01
5.164941004642650269e-01
5.692316836592555829e-01
5.731396375812620736e-01
5.788704821723151817e-01
5.236788254267765730e-01
5.749631040183295072e-01
5.225613498843777460e-01
5.226859709509448226e-01
5.233497556480025681e-01
5.216379850917529648e-01
5.751557229548833750e-01
5.255478232241297398e-01
5.250281951150133075e-01
5.236704089734600664e-01
5.210066251741337640e-01
5.151379833312770273e-01
5.163107538661459994e-01
5.123669822296963439e-01
5.116652089250192104e-01
5.182090877188404443e-01
5.223816189878773830e-01
5.174124962666585281e-01
5.179799005949563551e-01
5.194721376515581968e-01
5.227228899259110939e-01
5.198113887382936893e-01
5.125873293186341551e-01
5.161855621093376367e-01
4.697566078279090118e-01
5.105514279223499763e-01
4.936022652227016749e-01
5.051706616348995427e-01
4.654832188751745203e-01
4.719018251681419418e-01
5.193526628972718884e-01
4.783418410012131861e-01
4.799369499339206091e-01
4.756115200880439153e-01
5.237819563851888738e-01
5.219391631049664637e-01
5.199024398362716015e-01
5.190670539788156956e-01
5.171214964531838376e-01
5.269012111110176200e-01
5.259211869695059605e-01
5.274832100034866356e-01
5.270351986596050198e-01
5.245286864647821234e-01
4.794547086223124310e-01
4.112234722516450725e-01
4.285965116725882762e-01
4.312534955304930251e-01
4.988586585053852440e-01
5.210314007958968263e-01
4.713960135523309614e-01
4.752994365625330953e-01
4.533026159362413821e-01
4.519746017873748634e-01
4.329184030200037281e-01
4.312865446535885661e-01
4.126876967939792640e-01
4.492964836925545935e-01
4.626445859800756288e-01
4.361727130376836237e-01
4.594290545772823919e-01
4.533647835134561044e-01
4.756871041232975106e-01
4.797628816048135070e-01
4.743376736158568252e-01
4.856251496283203184e-01
4.964328284245194123e-01
4.950707036635471625e-01
4.900675990316568087e-01
4.875278387986265449e-01
4.873993224610993491e-01
4.881722164708795497e-01
4.877960465366617537e-01
4.903032603185156768e-01
4.885940276071937816e-01
4.960746176983205635e-01
4.953380406188923613e-01
4.962412813294140301e-01
4.944896104905848744e-01
4.973559837602435363e-01
5.000395006902949024e-01
5.067462145003214236e-01
5.121583506347074932e-01
5.138984471328439385e-01
5.230358930735549139e-01
5.196286373893717059e-01
5.197751565695089004e-01
5.207759059911013511e-01
5.186024187886230097e-01
5.282906839799964560e-01
5.266777869171638260e-01
5.264694276630591530e-01
5.263942863675613593e-01
5.268037898807637065e-01
5.205630324011887300e-01
5.199507013483779527e-01
5.224168229143713038e-01
5.240919620649407973e-01
5.153134560997616465e-01
5.170355526427878878e-01
5.177816051584346324e-01
5.114428421503682820e-01
5.112910814409038496e-01
5.019071365805939378e-01
5.035357058993220614e-01
5.034109783685424278e-01
5.024613775254317405e-01
4.852443721525760978e-01
4.884629005822140879e-01
4.807574942196424228e-01
4.768534020443604415e-01
4.737224477312773074e-01
4.565357270651244637e-01
4.501236160703637190e-01
3.902273287091307385e-01
3.934287720752850936e-01
3.878472624439372463e-01
3.662988526181338855e-01
3.619789078649387482e-01
3.481798643095219692e-01
3.474196487237257713e-01
3.432017563145730588e-01
3.405264208269864756e-01
3.319227264475056449e-01
3.102867255999405272e-01
2.982488768211130625e-01
2.864532911497711387e-01
2.710957831672084484e-01
2.642052023305317410e-01
2.611040061853727168e-01
2.936272027056187062e-01
2.976891679884618447e-01
2.805540327599097550e-01
3.151468246536252571e-01
3.162251798128530855e-01
3.106913520201087242e-01
3.072972319081928028e-01
3.136097348854796629e-01
3.142529862936925822e-01
3.114427310922147640e-01
3.576154793164685874e-01
3.488834231079889214e-01
3.431736852791236192e-01
3.133280843954698303e-01
3.211796083164616400e-01
3.311894584737316571e-01
4.040894811797741681e-01
4.229180818573960443e-01
4.237061870909648587e-01
4.208019108376608308e-01
4.760856810280807427e-01
4.509913005925662577e-01
4.285198668477138706e-01
4.261634520362707623e-01
4.100850920012513723e-01
4.036833003219047478e-01
4.038662735012625293e-01
4.093518517990211159e-01
4.170659562575920187e-01
4.223948854997912616e-01
4.229229522968289134e-01
4.243282824112579732e-01
4.249803564386387400e-01
4.292894953547881087e-01
4.288973592871343499e-01
4.390132864457081951e-01
4.499741118141936114e-01
4.690973079246840149e-01
4.755178630317315469e-01
4.791906080028594528e-01
4.776891877154177402e-01
4.727513925095547243e-01
4.820794530138257650e-01
4.688171522491407228e-01
4.553557843300811148e-01
4.424896567205740538e-01
4.508542842416332075e-01
4.433352700961615267e-01
4.482394989730880686e-01
4.467044702708939385e-01
4.500705053575583814e-01
4.380313223934634848e-01
4.499753071036307617e-01
4.497319996086897587e-01
4.394940167967828493e-01
4.453608500972296991e-01
4.466312760766569245e-01
5.101481902100054588e-01
5.121371182686812462e-01
5.132506165105013007e-01
5.088459953928647916e-01
5.154733507490850686e-01
5.203498829579000784e-01
5.267770322822705742e-01
5.198976224180256178e-01
5.314633659032996782e-01
5.260442375135261361e-01
5.346889351678039137e-01
4.419791996958797875e-01
4.710257121381395962e-01
5.972044871297577107e-01
5.212728204658524378e-01
5.226526882969827481e-01
5.191334275168599799e-01
5.197896684661169608e-01
4.991092941974443198e-01
4.662302763384718052e-01
4.622237365488136018e-01
4.977563080997960410e-01
5.233726468624890771e-01
4.414116532735422038e-01
2.466405460435860120e-01
4.276952634407286680e-01
4.313173157422916515e-01
5.350110230775687592e-01
5.318164529450584155e-01
5.380799305179407854e-01
5.385616198855676107e-01
5.534513213488282402e-01
5.567953051297059863e-01
5.517569097230970998e-01
5.604974212548996526e-01
5.708045252376389156e-01
5.629242827040275010e-01
6.347440365851003685e-01
6.246894107436640198e-01
6.385282937063484487e-01
6.348939653491642021e-01
6.501509498654756136e-01
6.477782738768360637e-01
6.423839273739575528e-01
5.432471219749512858e-01
6.782159850495675935e-01
6.740130245181187307e-01
7.152342061972468690e-01
6.902967975394584954e-01
6.785669289452090913e-01
6.916484588092201014e-01
6.824752171425141345e-01
6.942176070625485362e-01
6.857372646217841927e-01
6.961394428036747906e-01
7.086943110534068557e-01
7.109859302327374841e-01
7.229972685469293614e-01
7.314250325692499555e-01
6.991445209600193333e-01
7.032510222076050477e-01
7.140516543288852880e-01
7.084524344343068325e-01
6.617274382172296798e-01
5.797424620975234477e-01
5.673447210591844314e-01
5.565969763939654369e-01
5.713185568716716567e-01
5.074886902165572922e-01
5.054330814566089236e-01
4.764987897092874958e-01
4.750554282288608765e-01
4.783020532327212360e-01
4.656364924150014906e-01
4.547203188267631147e-01
4.405360976850838384e-01
4.340764737045857413e-01
4.282566724358602417e-01
3.866021783303405512e-01
3.884543457169587488e-01
3.606845879271589617e-01
3.280901170543694678e-01
2.909482631339325165e-01
2.653937874116352180e-01
2.652457312287627156e-01
2.587498887475098708e-01
2.617003012467304934e-01
2.675782654809312211e-01
2.662683559804369660e-01
2.643113308012705054e-01
2.608478028355781242e-01
2.588605393166066859e-01
2.711411325149469809e-01
2.731157116497336390e-01
2.845544163153846950e-01
3.740160836864022675e-01
4.017811662500935799e-01
4.124576389288104883e-01
4.023094101012313351e-01
3.954928147485131662e-01
4.057635232468708719e-01
4.129181693323185631e-01
4.169049201386599846e-01
4.143632286338540527e-01
4.273520710874171291e-01
4.097448986989858932e-01
4.229874319469879573e-01
4.144483239121745655e-01
4.129251851836641118e-01
4.152644066983686710e-01
4.071060055112828979e-01
4.002850378925765229e-01
