3.973265028323443304e-01
3.989051159088673471e-01
4.164215014779187318e-01
4.201258074839175904e-01
4.031409571316363905e-01
4.210098398228160343e-01
4.094886500542499475e-01
4.001001630321344704e-01
4.015620437493042649e-01
4.275683587824961052e-01
4.099011056141496634e-01
4.107076515793618432e-01
4.117834759585624060e-01
3.679706424507079854e-01
3.731653347677739152e-01
3.710132805426480940e-01
3.897460113608796628e-01
4.031828089941667526e-01
4.011269771489181513e-01
4.115662613607622977e-01
3.978612429897384617e-01
4.389223788553899830e-01
4.299918550417223817e-01
4.480802857328781141e-01
4.619909365606064133e-01
4.463670733508903199e-01
4.443728617541273240e-01
4.273235863036742299e-01
4.351615021806123917e-01
4.276924618108012832e-01
4.644966306369016640e-01
4.152543685764683024e-01
4.282922455966182151e-01
4.283901030524995823e-01
4.401925264241822733e-01
4.218488398711625065e-01
5.207696342951648738e-01
6.318666909840663370e-01
6.534566103746559662e-01
6.377819813639289404e-01
6.849137381474788011e-01
6.720242799155827784e-01
6.785747573467790783e-01
6.412944427220357291e-01
6.265437561835738300e-01
6.161510073741618410e-01
6.159086647071483345e-01
6.087002291582969127e-01
6.262505450691766562e-01
6.482540638096693231e-01
6.493417760095423485e-01
6.503508871791858770e-01
6.476221626293464650e-01
6.487868252264306079e-01
6.439132736263244450e-01
6.464029551205692226e-01
6.466701005442068162e-01
6.276925684048373366e-01
6.230430007596600150e-01
6.326165361030048340e-01
6.439238439058690977e-01
6.490858424234133839e-01
6.475796863041696216e-01
6.505846228078590032e-01
6.531552836445841947e-01
6.526364508217158411e-01
6.508102566601063899e-01
6.501378848769397978e-01
6.443170129755584341e-01
6.425800240356505100e-01
6.409693797602579179e-01
6.456480217149223044e-01
6.457277928652017662e-01
6.435705598160870178e-01
6.488418544251978171e-01
6.403858968749271963e-01
6.227541120614736858e-01
6.332177369968845504e-01
6.417516462755006312e-01
6.514927072364899985e-01
6.503973013948642912e-01
6.495978070638827040e-01
6.499925609612092758e-01
6.511551864945812618e-01
6.281760700087375415e-01
5.991169656975167124e-01
6.169484693533412445e-01
6.249899923349915287e-01
6.378555088633409698e-01
6.427573859052999605e-01
6.434027749701973775e-01
6.478269293547593843e-01
6.445719088294937782e-01
6.485296488787606339e-01
6.504593488259484690e-01
6.505587049133614297e-01
6.498043665667739832e-01
6.484233140613769875e-01
6.492214657824924018e-01
6.496944113903716511e-01
6.480960226176504246e-01
6.460076591128902646e-01
6.497193636809546202e-01
6.522253017937337249e-01
6.484496932110120904e-01
6.519822477850409914e-01
6.444151230972411382e-01
6.366047553717769647e-01
6.360494300462766759e-01
6.282368327020794174e-01
6.459875725023451754e-01
6.486475960281661290e-01
6.575231922466731049e-01
6.488348189677285438e-01
6.331797425051217676e-01
6.201814592855803276e-01
6.404905196233927622e-01
6.380485323204148074e-01
6.538022678662418485e-01
6.542767062134600131e-01
6.546727866373042160e-01
6.549840653896035203e-01
6.500257889709590842e-01
6.458304407066470798e-01
6.475580416775429393e-01
6.476306989304907447e-01
6.451481674231043240e-01
6.435058243346944984e-01
6.496332770967383485e-01
6.470804170600711336e-01
6.451596117047562196e-01
6.500911839353072930e-01
6.475010477699878475e-01
6.449018155866650392e-01
6.468115184439160448e-01
6.482019178124307501e-01
6.497144625857121936e-01
6.283254956042965134e-01
6.283584212553769976e-01
6.301127661911289923e-01
6.285730473815274166e-01
6.229066042477561238e-01
6.267291780919009847e-01
6.281749008777367527e-01
6.390028950079279513e-01
6.381639255600126681e-01
6.326104019543010715e-01
6.272434779499433954e-01
6.387133255112310559e-01
6.191238915617487404e-01
6.248087825339670998e-01
6.199959369059817593e-01
6.060218736175589926e-01
5.973944666678997484e-01
6.001261481200022008e-01
5.980926440093722318e-01
5.958447941927940139e-01
6.021130886713746966e-01
6.144409523043059540e-01
6.076224506091716382e-01
6.226502692919839710e-01
6.411235457516196723e-01
6.478642058978880680e-01
6.309068476626290556e-01
5.969213935970976159e-01
5.896895466141798270e-01
5.968431774461299133e-01
5.683834472435332907e-01
5.809767261220588619e-01
5.941428066655136675e-01
5.669384149680909424e-01
6.102385254525042324e-01
6.355389513665532508e-01
6.093796023433445397e-01
6.282519532566873677e-01
5.778847433232161546e-01
5.686657555864588209e-01
5.815434262826391087e-01
5.871837213334644145e-01
5.935222297723126150e-01
5.940284853108548369e-01
5.960028070627174657e-01
5.986231270303725704e-01
5.927844730582677579e-01
5.968433900759796407e-01
5.939369398147966717e-01
5.867991987386800279e-01
5.945997573920107637e-01
5.841629033417272687e-01
5.785712644675902183e-01
5.842336821338613984e-01
5.696953082656167622e-01
5.777605017257271269e-01
5.776583239546548842e-01
5.666999316485112903e-01
5.647768951932665704e-01
5.628165648562279966e-01
5.653467325679615296e-01
5.752256730001521490e-01
5.748819792148835983e-01
5.854195542440454592e-01
5.854443200474865883e-01
5.954832803733998148e-01
5.999637305363796358e-01
5.325208195703349245e-01
6.111189700326944418e-01
7.108081939964012719e-01
3.988063242076639314e-01
3.210579681478153424e-01
3.953236298016197803e-01
3.957473994205039647e-01
4.502618829934610933e-01
6.470090604938741885e-01
6.500525469142014456e-01
6.169972110224803963e-01
6.499587518834373245e-01
6.569966583917470349e-01
6.457240691690888656e-01
5.998949220101873481e-01
5.745565849508083023e-01
5.988238285315571341e-01
5.917479736174466876e-01
5.869427060903718019e-01
5.884230534592801432e-01
5.827455159866413714e-01
5.950083955330967012e-01
5.891615053245221612e-01
5.776147704860188359e-01
5.868349631979501435e-01
5.842100251403665734e-01
5.835440701740339797e-01
5.904703389552230508e-01
5.929645161173209278e-01
5.935180133650794776e-01
5.880327703216997604e-01
5.916141762935323012e-01
5.932633761972126996e-01
5.987737535801331834e-01
6.158495254284310771e-01
6.346916276317202676e-01
6.141509047758576534e-01
6.205341073302882426e-01
6.224989898009313238e-01
6.037222991935804473e-01
5.923251204174287965e-01
6.124092880455227483e-01
6.109331166273836988e-01
6.051482609025624626e-01
6.161354703159575008e-01
6.039598252587828897e-01
5.866975724554578386e-01
5.789689192777884852e-01
5.819258162795077904e-01
5.787782187593533134e-01
5.869003245628512389e-01
5.485883953568205795e-01
5.303447821267630591e-01
5.218030313557349142e-01
4.997287857522656473e-01
4.926008368310588748e-01
5.503885662744135709e-01
5.637086939156440435e-01
5.777859958161167819e-01
5.877072912287863993e-01
6.220946503703375097e-01
6.016010234445059446e-01
6.042849426376578625e-01
6.270825361693613820e-01
6.237847868149520858e-01
6.219205181367221114e-01
6.466718289033005496e-01
6.662976017950059671e-01
6.655758766234156631e-01
6.760590272149469282e-01
6.239685292984833431e-01
6.468039103080953645e-01
6.529953277170167381e-01
6.277125154318867750e-01
6.348341655482107049e-01
6.458772945963296985e-01
6.375831788885285567e-01
6.431166326513291231e-01
6.497119399401483086e-01
6.523860882365882796e-01
6.562868262822922905e-01
6.648434141952183074e-01
6.444249869022549149e-01
6.546192727175639270e-01
6.590240421030671980e-01
6.524828451414471653e-01
6.426091102028124169e-01
6.419494889240149327e-01
6.406296207673891629e-01
6.438588781415787166e-01
6.475197263352168164e-01
6.479532990229084355e-01
6.521112471837680058e-01
6.538373224857467747e-01
6.494010357229952346e-01
6.453126160845052972e-01
6.428519871626272586e-01
6.450309711847141969e-01
6.494609237434637583e-01
6.564435335273309802e-01
6.639447086424213884e-01
6.533068127047855223e-01
6.553536048739534436e-01
6.577244347147761516e-01
6.401420099209856884e-01
6.556826307272399790e-01
6.524840875882541580e-01
6.524615733637894044e-01
6.335783692895653463e-01
6.335246139407645360e-01
6.448344422908935947e-01
6.406331571654653168e-01
6.442969127031904497e-01
6.469034256601889910e-01
6.502040448544126328e-01
6.528186589548176100e-01
6.612805241692290004e-01
6.427078310017174667e-01
6.420298153650411122e-01
6.616268084304299801e-01
6.654236687076564571e-01
6.367382532247490845e-01
6.227931856819792777e-01
6.255205863292618851e-01
6.303175995668417464e-01
6.361513241962877263e-01
6.295671666220347129e-01
6.083811871777174973e-01
5.549220054336585495e-01
5.455308920321343402e-01
5.150953226595940126e-01
5.529857976756800131e-01
5.531267247090325689e-01
5.259575924586478157e-01
5.174173767230992871e-01
6.081256062804355489e-01
6.203433004325458189e-01
6.538846308056281975e-01
6.645363498848233519e-01
6.564659791491516128e-01
6.508521036225659584e-01
6.559400294407302656e-01
6.471977171565332920e-01
6.645299347806890022e-01
6.530337885315862234e-01
6.469624530554034525e-01
6.654221956949603056e-01
6.739965729999386479e-01
6.782841119283877784e-01
6.837609906533914650e-01
6.884209945616903692e-01
6.897556904513691967e-01
6.941254039975771617e-01
6.959574347574724040e-01
6.984611973524897932e-01
6.882482413171386870e-01
6.921157707528934333e-01
7.000283851017925496e-01
7.020777938954393393e-01
6.777126358345113566e-01
6.819338972186121950e-01
6.792911885128278815e-01
6.784959139776087778e-01
6.702740089549238389e-01
6.676143007376020844e-01
6.511706922735565062e-01
6.575906707579646238e-01
6.314383698908845322e-01
6.347880118538282712e-01
6.286607339178325038e-01
6.398378202549912519e-01
6.573961138133459503e-01
6.536588132090006553e-01
6.240506692262201005e-01
6.233288547940405433e-01
6.288182403210486049e-01
6.059735662362787378e-01
6.135177339896165094e-01
6.235528274757115019e-01
6.109481417131017444e-01
6.104313778630413578e-01
6.013896390521751290e-01
5.920058860918360200e-01
5.748538838468125745e-01
5.779212471189947298e-01
5.800806162002647426e-01
5.881606634124995070e-01
5.764926417864153496e-01
6.253794778536698740e-01
6.460339943650214023e-01
6.276215569860833510e-01
6.103892148737115608e-01
6.295521903979242051e-01
5.423949169918995672e-01
6.251690901600286399e-01
6.448126734707789742e-01
7.302687980187877459e-01
7.575782640762714903e-01
6.515280124073588031e-01
6.438238453177345111e-01
6.530427455491878419e-01
6.503440222670943127e-01
6.614755053091384562e-01
6.591320029051243035e-01
7.754492767543212928e-01
7.782957776842889253e-01
7.783979654036499163e-01
7.784839849816131974e-01
7.831325000689154381e-01
7.837672525236617505e-01
7.811249967990034904e-01
7.781721734016274761e-01
7.835726936589336722e-01
7.726685609279749789e-01
7.829611625981448553e-01
7.762303850420163576e-01
7.734169323585858846e-01
7.767371674744664167e-01
7.686621522512240290e-01
7.612503043730921570e-01
7.742592337980519490e-01
7.776903909016344985e-01
7.769762456530479033e-01
7.794485675031380678e-01
7.777391065760822508e-01
7.704459315150838927e-01
7.641191357130292516e-01
7.523971118444908734e-01
7.741059367000188152e-01
6.686105201962224687e-01
6.913542891091944975e-01
6.903787486051468081e-01
7.015148011259916272e-01
6.130278504163887421e-01
6.150417892017232546e-01
5.475544246612019661e-01
4.982680498593506924e-01
4.804178485666978360e-01
4.713273582354113866e-01
5.183830104404149042e-01
5.406627040405497242e-01
5.636113945830093508e-01
5.915957283521585675e-01
5.945062482342017285e-01
5.970135228709795294e-01
6.027627896351893666e-01
6.000391193355189001e-01
5.912503606082369911e-01
5.808465118000261107e-01
5.907968799048864961e-01
5.966795920411099852e-01
5.915695991033277368e-01
5.883148033014559131e-01
5.088208073382208818e-01
4.418038280933282436e-01
4.380920191528017704e-01
4.804932903628442720e-01
4.291078995663528683e-01
4.298260500329182943e-01
4.142115051656800606e-01
4.163294130680354477e-01
4.048176423451992356e-01
4.180800027907398131e-01
4.268914786125778682e-01
4.378961872977575331e-01
4.434870432129272566e-01
4.322057418866684930e-01
4.221082745287028648e-01
4.333163097753452431e-01
4.516714821339738450e-01
4.587646078878433453e-01
4.237575978752247674e-01
4.441255807809396106e-01
4.099274448495398571e-01
4.147809558143791819e-01
4.202474484175418579e-01
4.151661067962279517e-01
4.184907304341836110e-01
4.246448502815272086e-01
4.224509362092507825e-01
4.273143376997641241e-01
4.175643314934132100e-01
4.208548378122325406e-01
4.111007872465344271e-01
4.113094367322167599e-01
4.118096269419345146e-01
4.077432378088783338e-01
4.105362256678273813e-01
4.170235453641857881e-01
4.166338479682447637e-01
4.123176033743412017e-01
4.112298238475107226e-01
4.026653933837438526e-01
4.014539542508239189e-01
3.962638490617860221e-01
3.972629392984470820e-01
3.890398199847171501e-01
3.896681414787555586e-01
3.815099809816284160e-01
3.922690048663035611e-01
3.944171550461773035e-01
3.984417860634314468e-01
4.108609852685982111e-01
4.110883681010633617e-01
4.085434213814879700e-01
5.984697317074824108e-01
5.942671441816759215e-01
5.735716793286396165e-01
6.784292382746405226e-01
6.515028417049020248e-01
6.686686028202881715e-01
6.639907603538195424e-01
5.826512152841332171e-01
6.957534046707577469e-01
6.298005271128604976e-01
5.868566917052608911e-01
6.577987326956902248e-01
7.741046601853361908e-01
5.004417692929611361e-01
5.275108336451065361e-01
4.930013690617520705e-01
4.104485220296834602e-01
4.171455109369622272e-01
4.101129054096394611e-01
4.075672049808167219e-01
4.079686834217169378e-01
4.349709331350797847e-01
4.331318809219934507e-01
4.118210569147562339e-01
4.235527989801144977e-01
4.324507684018668585e-01
4.478091469462281426e-01
4.472807301168810201e-01
4.340795543153638802e-01
4.480212569271886935e-01
4.429550437726202383e-01
4.437485967151457711e-01
4.598784885666186706e-01
4.562552936794403990e-01
4.488059122434541748e-01
4.517585426726191677e-01
4.618665322790102556e-01
4.708634892747670109e-01
4.613688586521345059e-01
4.636932954157783615e-01
4.632061862317413681e-01
4.713610120664399328e-01
4.678495042013179339e-01
4.524690866144922552e-01
4.430722524229078196e-01
4.359730003866597592e-01
4.373377006414711499e-01
4.306345289355800188e-01
4.274949221624896878e-01
4.189247884921500353e-01
4.060405634920944973e-01
3.898622124317180915e-01
3.774680986622056533e-01
4.076995519940538326e-01
3.763193392345131616e-01
3.512973348934772533e-01
3.458498115164789222e-01
3.468443013413342602e-01
3.434669172138288262e-01
3.483716011620108244e-01
3.500201032748296859e-01
3.484137495442230503e-01
3.479725045730017730e-01
3.502721304979852235e-01
3.480813568398305469e-01
3.490253060858958256e-01
3.754820954392970034e-01
4.367081542599206556e-01
4.475715774915280942e-01
4.727203085122170245e-01
4.961657330874107985e-01
5.023987107167485755e-01
5.133278935739993276e-01
5.129769266111050552e-01
5.187759027399606593e-01
5.161658125718283641e-01
5.146796843475108796e-01
5.153362551411112547e-01
5.126837588998967021e-01
5.106516250421230252e-01
5.029553256115828486e-01
5.008703022514736647e-01
4.957649138852397996e-01
5.035231804970538017e-01
4.976252877197731572e-01
4.948689009979387876e-01
4.924610336995742799e-01
4.981895537467129764e-01
4.992903943416331924e-01
4.938383701134240189e-01
4.953866708129201490e-01
4.965027011462234685e-01
4.857451120949944356e-01
4.861241577784922163e-01
4.704592724743256738e-01
4.729123645982260538e-01
4.688008327861992175e-01
4.717023310933127211e-01
4.774985289604941618e-01
4.832053296865329028e-01
5.377476630033540816e-01
4.957601056538208928e-01
5.000296050298961292e-01
5.039077876020234825e-01
5.100493019129906935e-01
5.111410778915154163e-01
5.060249993455611106e-01
5.160885265699973745e-01
5.654752695440272703e-01
5.062334877890225515e-01
5.599021042387796188e-01
5.120839475958244291e-01
5.116177530854518762e-01
5.681179343084774569e-01
5.155971404096233446e-01
5.187375188513541069e-01
5.178854635319276589e-01
5.168845141129692067e-01
5.720805303797130703e-01
5.204732588760282441e-01
5.280707205631641754e-01
5.130359335199039528e-01
5.699598258636445758e-01
5.232330027569154218e-01
5.109106629329761562e-01
5.049638042566134688e-01
5.047850926713247643e-01
4.992400181101355749e-01
5.074559463278145444e-01
5.110640372559728251e-01
5.209338215361973834e-01
5.233193081601444918e-01
5.178348375964755279e-01
5.794520067868560442e-01
5.782922976390880709e-01
5.816633775231729864e-01
5.730863922168346614e-01
5.627470832564440695e-01
5.508759853491240754e-01
5.622417397107286607e-01
5.552164806506899586e-01
5.730068495577140819e-01
5.596720805262503928e-01
5.557467612442105187e-01
6.114667760245293682e-01
6.190440333582011290e-01
6.130104222972013739e-01
5.979846461394937585e-01
6.040540967288714480e-01
6.037379146097890947e-01
6.021977482497508083e-01
5.923203336360258753e-01
6.571299743978047392e-01
6.249269630995485381e-01
6.292102133178847367e-01
6.313069256652437122e-01
6.489040146861421166e-01
5.822354485386611600e-01
6.026293027962563720e-01
6.630006028107264804e-01
6.632347146530858106e-01
6.746693870992866993e-01
6.759576491303197487e-01
4.951833293771915612e-01
5.071769059371635802e-01
4.691312210984970865e-01
5.329674963071184823e-01
5.328924218752572051e-01
4.896462261195795862e-01
5.455854794605236036e-01
5.533932758378964367e-01
6.093647218367316265e-01
5.492935067832059870e-01
5.452016374685567657e-01
5.439263660077232609e-01
5.606214481476757827e-01
5.593670220946610483e-01
5.554734370917923103e-01
5.540331522512668139e-01
5.544709927685187445e-01
5.500653511447849420e-01
5.526301707418809217e-01
5.543154085713621892e-01
5.515482900897209495e-01
5.472333831052133002e-01
5.480283310276049535e-01
5.477184129247008038e-01
5.431613565037678448e-01
6.004090561905998102e-01
5.464352300409043295e-01
5.487631780342220322e-01
5.520092350977005013e-01
5.489246315875841997e-01
5.485299737352842264e-01
5.510804303118164160e-01
5.508737534625581800e-01
5.554329333788720069e-01
5.539600601893919229e-01
5.495823683357812239e-01
5.472129048636126258e-01
5.407579520906827808e-01
5.966339102679868445e-01
6.074333331574690575e-01
5.959496734935436635e-01
5.960133610072404498e-01
5.978670950270629225e-01
5.402905507758147818e-01
5.389691903580595689e-01
5.357369346756848394e-01
5.401767294100167094e-01
5.943065082867395876e-01
5.950083192094259843e-01
5.997525405749877248e-01
5.454136432728392547e-01
6.034839857957456921e-01
5.491594244296117422e-01
5.495950832471572234e-01
5.506846051602856118e-01
5.515678246353270531e-01
6.073286577967118571e-01
5.541690804297253470e-01
6.091802756425934717e-01
5.496550729826923387e-01
5.489996359571392981e-01
5.456634474347045183e-01
5.454503818986945474e-01
5.455955304213012669e-01
5.405979178994437806e-01
5.410937029133467968e-01
5.464936723611519831e-01
5.428551910893970600e-01
5.432550921274360567e-01
5.487191999918034080e-01
5.450321756868974354e-01
5.433977524210885646e-01
5.420519236771818017e-01
5.349603324100544732e-01
5.372693541144686336e-01
5.279380330669610766e-01
5.315785040332490219e-01
5.326873014881806645e-01
4.874774134331628095e-01
4.931009268319427874e-01
5.422803090811684212e-01
5.010166004035403464e-01
4.984581714581519107e-01
5.023892861168510748e-01
5.168123310345044130e-01
5.586367685340953848e-01
5.589017187132614417e-01
5.573171803302904292e-01
5.592449567484383266e-01
5.650234397620299553e-01
5.652440713812351136e-01
5.673109044023916248e-01
5.684418900049973411e-01
5.113886916342078592e-01
5.384532836382068810e-01
4.834974101434936222e-01
4.468877547421858942e-01
4.418207060359916061e-01
4.750770020562835594e-01
5.440648346141977454e-01
5.025256595211139432e-01
5.020170137598563009e-01
5.378497998495971322e-01
4.800653282761971341e-01
4.660590142627775712e-01
4.740758883888929742e-01
5.114241466992301977e-01
5.484694028623021689e-01
5.038252891230050601e-01
5.202788564693417994e-01
5.179908566431247197e-01
5.272717677949458892e-01
5.365253928403336259e-01
5.409806249761873742e-01
5.435111992888054244e-01
5.356618481914185992e-01
5.397140026431114235e-01
5.380271591337161263e-01
5.354568577958779274e-01
5.355863121855602982e-01
5.338622354134640036e-01
5.342190010357907859e-01
5.377064948801386635e-01
5.328007920334174585e-01
5.370001996071175343e-01
5.384260369105282606e-01
5.448807033149221102e-01
5.466266058085378354e-01
5.420386052657946152e-01
5.369349814339191562e-01
5.334870282744649250e-01
5.368699589462629929e-01
5.285199739022629073e-01
5.267221825668214619e-01
5.254493564858958576e-01
5.229393498060641576e-01
5.318493733150240210e-01
5.278081845705592245e-01
5.305415811982737706e-01
5.228863027946495379e-01
5.194122525359877729e-01
5.178170585049124419e-01
4.115872590351721261e-01
4.540586998954871389e-01
4.283616224412312712e-01
4.195276711512073708e-01
5.085474501725903984e-01
4.934418717363730500e-01
5.178013572921780217e-01
5.870760648323614106e-01
5.842421525339851485e-01
5.396329149711780460e-01
5.496542270876075831e-01
5.965058277438688439e-01
5.534671798318412383e-01
4.928422083185289293e-01
5.627979587806257733e-01
4.902311566722791780e-01
5.372645595250881145e-01
5.290729358809920235e-01
5.293721571994036701e-01
3.714441940324055835e-01
3.452955097653223615e-01
4.703760434600854357e-01
4.942436536017165150e-01
4.700036628621224732e-01
5.519502937725127012e-01
6.729836437620084766e-01
5.338558387499181546e-01
5.499952249983024455e-01
5.481832993237558682e-01
5.496430274595566212e-01
5.501634497655344402e-01
5.467202016705386969e-01
5.496506919553104664e-01
5.485534503026675557e-01
5.476960329070043043e-01
5.466781104257830703e-01
5.461521029687257389e-01
5.447745258256813106e-01
5.415791785330487107e-01
5.388832159694042501e-01
5.335397395843778368e-01
5.347308284816414403e-01
5.305933926585107985e-01
5.270620974137804060e-01
5.194929616079432266e-01
5.131230863737535897e-01
5.045685092898072321e-01
4.960745009463977118e-01
5.012900701321151287e-01
4.925261402316735704e-01
4.826971140865193299e-01
4.788157471023177236e-01
4.378731888138566730e-01
4.733146370940528036e-01
4.199647102565573498e-01
4.070916243732694562e-01
4.086448376328601362e-01
3.969974080864984711e-01
3.892899617710066096e-01
3.793650098238190438e-01
3.590764571128797766e-01
3.367958614273188211e-01
3.472695729945229903e-01
3.392387717877108355e-01
3.221408961835723339e-01
3.019946980082570676e-01
2.864518932024469611e-01
2.763180472492013373e-01
2.498599688814149011e-01
2.895476018511614624e-01
2.954808533534492576e-01
2.869722074493888941e-01
3.201368094592119129e-01
3.144127164392688245e-01
3.157765985503436790e-01
3.197561774350235475e-01
3.299585630371168476e-01
3.493170223331942825e-01
3.400446634618872754e-01
3.133402585923082961e-01
3.537166430759117741e-01
3.835831712141954952e-01
4.424447582457720074e-01
4.576722458107524427e-01
4.629045870631015025e-01
4.612852324069341425e-01
4.609875326387752881e-01
4.542209576624883227e-01
4.770546347948231847e-01
4.719659178167209812e-01
4.670771962136234801e-01
4.835694739365158923e-01
4.376295398362209377e-01
4.534415316325257628e-01
4.371395486951703546e-01
4.314601381081662468e-01
4.286776443892972299e-01
4.396096043610743798e-01
4.511237107341448116e-01
4.544298645722404939e-01
4.516023414793937651e-01
4.521339935267814636e-01
4.561151218780818972e-01
4.734160353675114785e-01
4.704684354935553259e-01
4.890692857774299185e-01
4.791480807151123344e-01
4.915316141246418025e-01
4.899495665162141300e-01
4.869138030321392141e-01
5.035841412176854659e-01
4.981180748937304448e-01
4.997899255849875821e-01
5.031313010298100741e-01
5.033539246831352232e-01
4.905030506247447519e-01
4.878582503895765310e-01
4.937064225923502581e-01
4.993877897263561683e-01
5.043830793529854306e-01
5.001200646173643571e-01
4.906968487375557575e-01
4.728502082101747050e-01
4.736929855503457798e-01
4.843899604205345599e-01
4.768018535019688531e-01
4.658828383061207057e-01
4.658051368969939321e-01
5.117841641750338066e-01
5.186644530627082528e-01
5.263418200484243359e-01
5.195577731772030861e-01
5.196590069055443406e-01
5.181169172535826650e-01
5.230887240444755948e-01
5.169144534358676157e-01
5.153902020411286200e-01
5.097456308227239496e-01
5.220289906889422626e-01
5.317367578497491643e-01
5.367944206938783935e-01
5.310687952739997497e-01
5.228510725401229742e-01
5.311602511546283933e-01
5.404766037686790092e-01
5.587176072702304541e-01
5.584856727679183841e-01
5.719198251931809640e-01
6.224191489857082704e-01
6.328427455884810815e-01
6.465885566290066055e-01
6.369946275485842691e-01
6.429182875536832986e-01
6.490939247310534288e-01
6.342034187682170643e-01
6.429798311066147187e-01
6.197380260104159433e-01
5.492530452619273085e-01
6.762552564416065559e-01
6.722933946678328887e-01
6.768016814784997282e-01
6.866844780376366586e-01
6.731486084718795171e-01
6.887950002026816954e-01
6.844177722626703098e-01
6.873958648731743892e-01
6.956864528107811196e-01
6.814389368836669680e-01
6.785285010992856414e-01
6.813013369887721549e-01
6.783894737962211652e-01
6.792770373551209051e-01
6.757212865698468685e-01
6.809127899458835564e-01
6.740566667624930952e-01
6.800964962180391371e-01
6.788378640303651679e-01
7.013861792094369108e-01
7.008261500636445707e-01
7.083485090789403138e-01
7.078803876203811907e-01
6.915981094513181660e-01
6.909610201405921304e-01
6.910931907278021757e-01
7.036574979110936656e-01
6.907980420099560925e-01
