7.664773654658793012e-01
7.682953266438764528e-01
7.656404861397110295e-01
7.652634657370308569e-01
7.678387927821236358e-01
7.673315401112330569e-01
7.683112394939618506e-01
7.681334577103876571e-01
7.687244840889378983e-01
7.691091994039068735e-01
7.669948701648773293e-01
7.683404723370218514e-01
7.660431592168129855e-01
7.689017572796484901e-01
7.657964496174987090e-01
7.698386780975180477e-01
7.649197877816263924e-01
7.537906989589497897e-01
7.617241022782291759e-01
7.542788434488310045e-01
7.760037366809329207e-01
7.657165454203708199e-01
6.760724452984800958e-01
6.957237944964257403e-01
7.146062621655635549e-01
6.174099088709900096e-01
6.169790202626012077e-01
5.527071243521090027e-01
6.344999488978694258e-01
5.609550214821720227e-01
4.676669924296337766e-01
4.909348499779374042e-01
5.777432024158458690e-01
6.048849928471652371e-01
6.169342411806737481e-01
6.146178103175149454e-01
5.882178911378074249e-01
6.122980505972525078e-01
5.998030013408138794e-01
5.932982555044897799e-01
6.009655143847376646e-01
5.947259322740710008e-01
5.998098740838612164e-01
6.175701062404371777e-01
6.282104555289816927e-01
5.291009927541033830e-01
5.431921284937210048e-01
4.537736055766717347e-01
4.569329322917953795e-01
4.999072822953044004e-01
4.571416960665563578e-01
4.667818972511267872e-01
4.607191815360702214e-01
4.603885084366106661e-01
4.699061727907832275e-01
4.704211034844854034e-01
4.737172791464492883e-01
4.751285542826206854e-01
4.753679160823756078e-01
4.613916016479390758e-01
4.682146701023746083e-01
4.664727070985797419e-01
4.704428023870251274e-01
5.234223946970056884e-01
4.310973991128098093e-01
4.607643862236928678e-01
4.172058990637894094e-01
7.671491211582598391e-01
5.932957498102972016e-01
4.556941809986254643e-01
4.182896226031191933e-01
4.413746592877063057e-01
4.707299284792699212e-01
5.041785768152637903e-01
4.769611890092505524e-01
4.354797735734410313e-01
3.972046123242163329e-01
4.138911867582295012e-01
4.479289460623722685e-01
5.024905462749779117e-01
5.043494134733287337e-01
5.358659707736901368e-01
6.332231636581180378e-01
4.201307537908738898e-01
4.191518795404109432e-01
4.326214630867579736e-01
4.349380453313658745e-01
4.338999875585726751e-01
4.411133805898460047e-01
4.289051926433883888e-01
4.322639628263331146e-01
4.271845100880075630e-01
4.334944611077281018e-01
4.326929208081917166e-01
4.297384177791090942e-01
4.270146003987489447e-01
4.357262711879748562e-01
4.348551519100173901e-01
4.400084992204907341e-01
4.388846907298175615e-01
4.350519215109552307e-01
4.368562258323591130e-01
4.366558061712137451e-01
4.402715923071025550e-01
4.405899169936365323e-01
4.385565828963615131e-01
4.293917867490938955e-01
4.377867904130189891e-01
4.543674898646725691e-01
4.564484293287187078e-01
4.630492113215854411e-01
4.615851565255510436e-01
4.708003841683595092e-01
4.713797725942933670e-01
4.711302714069957598e-01
4.733681425672606746e-01
4.700893923542109332e-01
4.756601783996182164e-01
4.699990243892227526e-01
4.955017900259702235e-01
4.762805396465912278e-01
4.948584574221412957e-01
5.131287352877659247e-01
4.999747260942093985e-01
4.850967822793379458e-01
4.913694452840254301e-01
5.020724482192462368e-01
5.011410919149580367e-01
4.985067298238390343e-01
5.131063107163170711e-01
5.177267970179239009e-01
5.036476471750823691e-01
5.037000240399537310e-01
5.055048755330436849e-01
5.048583878145497250e-01
5.069400394950384081e-01
5.012406348075256757e-01
5.025513414402787982e-01
5.046916081766179563e-01
5.028162781895217925e-01
4.867984738617288643e-01
4.747306098263920915e-01
4.398816592206950538e-01
4.724854529159847605e-01
4.596820484104735538e-01
4.684170636882436511e-01
4.836055534125274225e-01
4.365454260769126016e-01
4.324560723613719571e-01
3.886202548415977343e-01
4.444302240947555771e-01
4.362484698006288131e-01
4.131917524322278878e-01
3.735327414768064291e-01
3.723011099417498637e-01
4.190085322194319062e-01
4.418959158189315617e-01
4.018426701019429115e-01
4.379410684666202869e-01
3.929283967164622915e-01
3.919163366781934776e-01
4.220906853225531719e-01
4.671950475060339114e-01
4.235331118018834107e-01
4.627213135131616473e-01
3.872842008376086720e-01
4.221847145964126025e-01
3.888841248510940818e-01
4.130132484825393413e-01
4.574916137671086735e-01
4.219800719178856685e-01
4.190987597067637460e-01
4.558960724079904603e-01
4.287493063996295484e-01
4.670724947963156848e-01
4.221031471001494562e-01
4.659629214931987895e-01
4.310977261566184549e-01
4.678197603571054852e-01
4.275397267796610112e-01
4.712676924689768732e-01
4.262675567030537738e-01
4.282417584156910095e-01
4.642581623388415957e-01
4.072788902662520805e-01
4.070091710924293449e-01
4.187442424432653021e-01
4.165874536181481957e-01
4.148202449747517839e-01
3.981373465606478645e-01
4.134206117150544535e-01
4.149492485321424895e-01
4.052721961577451792e-01
4.128263745441911325e-01
4.092784476642750691e-01
4.237984159253500582e-01
4.069143641395945310e-01
4.085137020582485512e-01
4.244759251836387470e-01
4.664968733991876615e-01
4.191701319479339549e-01
4.274856695972147347e-01
4.199688757733608946e-01
4.173788092745812084e-01
4.170180843511735458e-01
4.292191272957213144e-01
4.250459748067310639e-01
4.170492767670291312e-01
4.111731080723922127e-01
4.218652809495122002e-01
4.114125855134250220e-01
4.166825972168421988e-01
4.136539829292384951e-01
4.150589389655397476e-01
4.159405688426332515e-01
4.166601924644320332e-01
4.206070576838864539e-01
4.227010013657708232e-01
4.354651803947888755e-01
4.526018698057009959e-01
4.773931249824600598e-01
4.524522417231930937e-01
4.658584728168995714e-01
5.134688310691495339e-01
4.598761618699733766e-01
5.100449526824033519e-01
4.576917792755382242e-01
4.935954044723245837e-01
4.992654964515839122e-01
5.039084666274002977e-01
4.959714013177053960e-01
5.030674692225297617e-01
4.906618689253857135e-01
4.910643090157611468e-01
4.785681628290314182e-01
4.964107131336088496e-01
4.925384561980669096e-01
4.908025372137128639e-01
5.302571391527460820e-01
5.704892737631170885e-01
5.694417825430390101e-01
5.412249295940005922e-01
6.387471647480719161e-01
6.173466515611579775e-01
5.450743364487143916e-01
5.762327938386616610e-01
5.825371536204007050e-01
4.978923267705565592e-01
5.001280071064773125e-01
5.071554780240467020e-01
5.098496656825363127e-01
4.875501820631362726e-01
5.126115928597430038e-01
5.115224590995905984e-01
4.971332613824131497e-01
4.999331302901394714e-01
5.186068982472243905e-01
5.092555244243510693e-01
5.136676200216407917e-01
5.136198848092049518e-01
5.170362221406291647e-01
5.195445469710099351e-01
5.068887398933478172e-01
5.128291572053729208e-01
5.154385559632589375e-01
4.907470923204120816e-01
4.837405998981860189e-01
5.295257946715694608e-01
5.390877089820196311e-01
5.350283904622503695e-01
5.405810120114902251e-01
5.347413608258712037e-01
5.487836891832480468e-01
5.347051938741264054e-01
5.418791961940070401e-01
5.428739852848535330e-01
5.394168783718460425e-01
5.545208098995684232e-01
5.539491241787689590e-01
5.514159842640373732e-01
5.587574835805163564e-01
5.679588965241294529e-01
5.759822376465668636e-01
5.708989255041007072e-01
5.760357827587880841e-01
5.747702903664125840e-01
6.356157013052731175e-01
6.318806550349915785e-01
6.224958100365689528e-01
6.352617505577728974e-01
6.326999848169646556e-01
6.334648124465033225e-01
6.031597410662170589e-01
5.943392971195030627e-01
6.383148075152162981e-01
6.189511958665417923e-01
6.510251524947562318e-01
6.529441732022694955e-01
6.552241922003867458e-01
6.314301091105454233e-01
6.194043513681642965e-01
6.239832649060768066e-01
6.246283115053319346e-01
6.430345997972110039e-01
6.904834518581748348e-01
7.055550730298678630e-01
6.866841516653778843e-01
6.971044472567354822e-01
7.002683448909531316e-01
7.074959186559810487e-01
6.936231843440168188e-01
6.699394893186089162e-01
6.455228193423633298e-01
5.644924274993232682e-01
5.673220065764524866e-01
5.792568953872061499e-01
5.862337908557951893e-01
5.748298116822497805e-01
5.119924607963002305e-01
5.211987918341167703e-01
5.267565863839189788e-01
5.779442737971780542e-01
5.279967421754587775e-01
5.383855994019016711e-01
4.763731673277009082e-01
4.939498816992534125e-01
4.927283406502286911e-01
4.954786116109784477e-01
4.965525644715706455e-01
5.048464493393797214e-01
5.011974496840796434e-01
4.950081960191476949e-01
4.952188157010188330e-01
4.981929899877877155e-01
4.952186060295981629e-01
4.915016353484724654e-01
4.848998827618260510e-01
4.795749517279921381e-01
4.883433347330727314e-01
4.912936431812699456e-01
4.881284138306871689e-01
4.773095364506692029e-01
4.807512404892801405e-01
4.887392524749560319e-01
4.837686635696668014e-01
4.843326799821283113e-01
4.906110701379556294e-01
5.144163760105961991e-01
5.153333610031749501e-01
5.117196558769672166e-01
5.164952768495497670e-01
4.962096025710692193e-01
5.184320049834528765e-01
5.306355794724827435e-01
5.412962275740654805e-01
4.876126708251187214e-01
4.823252137307772469e-01
4.944957215231462477e-01
4.797748994528147626e-01
4.905525684295108935e-01
4.821615233065106865e-01
4.880730900843655573e-01
4.909145711077280150e-01
4.878636380040681786e-01
4.860879792018273360e-01
4.949219093795294011e-01
5.035362608430846709e-01
5.114168236802202339e-01
5.214675664785979325e-01
5.189291324363239921e-01
5.146974739436728230e-01
5.249749489267544478e-01
5.111382554220184060e-01
5.176383762726439741e-01
5.239168904955046058e-01
5.207546598755998790e-01
5.243026193425058823e-01
5.332217207116919377e-01
5.122204298202454043e-01
5.193470471488500495e-01
5.138104403919780960e-01
5.209763654115820986e-01
5.292654026149169466e-01
5.210183037614904977e-01
5.348520516335603103e-01
5.348978761143762251e-01
5.288202891654575355e-01
5.275640799999521402e-01
5.292542402722399952e-01
5.228619239642245953e-01
5.316683661804129102e-01
5.801011371944517769e-01
5.815166623353347219e-01
5.819085360794871153e-01
5.717248357109062651e-01
5.806507421011725123e-01
5.915864848479207572e-01
6.087443843046206338e-01
6.168030343806898408e-01
5.988568978781025898e-01
5.983428712768241731e-01
5.968106932793394437e-01
5.844898447805983999e-01
5.472720029808562092e-01
5.435616832139863464e-01
5.581516776971486848e-01
5.436548212338644381e-01
5.945244741634356789e-01
6.049459294814418797e-01
6.698457955998091684e-01
6.724562568286518438e-01
6.327017231824260124e-01
6.574938807743627711e-01
6.436386914099121448e-01
6.278141545114892530e-01
6.326239461333662550e-01
6.257332624652888198e-01
6.103586108336253035e-01
6.133134968113851393e-01
6.162197931333073253e-01
6.044012921037641428e-01
5.990360993689278768e-01
5.801340546364200934e-01
5.681401663178995420e-01
5.665718920556205296e-01
5.580734917722230959e-01
5.490995651003298672e-01
5.319038099685361454e-01
5.072776300394912230e-01
4.924189186233629556e-01
4.567781087531526674e-01
4.094830429811134875e-01
4.051118020396604069e-01
3.982380808564843777e-01
3.911882192649424050e-01
3.389273669253494159e-01
3.575778981730038941e-01
4.116597289273199456e-01
4.478137357856367129e-01
4.587081211804990843e-01
4.693905117905524671e-01
4.633887705533514811e-01
4.690799344102538626e-01
4.690084033215126125e-01
4.819374758194815422e-01
4.996754629478805110e-01
5.104229364005774539e-01
5.106515588827573726e-01
5.097509038325562791e-01
5.155053804089135827e-01
5.166748347328832258e-01
5.218175800329170055e-01
5.153941103983441518e-01
5.187998289291533283e-01
5.072512791206874594e-01
5.069276128897122202e-01
5.024111626877747483e-01
4.937641846192913353e-01
4.858005446977019526e-01
4.781643982078301325e-01
4.536760423721760693e-01
4.552808989119415672e-01
4.634352831839581022e-01
4.584774190976503294e-01
4.625370752581789979e-01
4.688984460657962816e-01
4.941229655836112400e-01
5.049764174291846430e-01
5.216316343244419285e-01
5.225084979503159532e-01
5.283150109966938679e-01
5.365489912694045849e-01
5.282423369790839596e-01
5.224148979748405308e-01
4.971735541650860180e-01
5.019569450008842804e-01
5.046235745797408301e-01
5.083985260559583663e-01
4.888751434540520302e-01
4.934201612407852489e-01
4.769048561200887049e-01
4.544334952118821436e-01
4.419173629453358454e-01
4.552028869293970326e-01
4.672042569921160959e-01
4.801012772154045760e-01
4.756852677948316677e-01
4.775599743006019304e-01
4.967339009419117768e-01
5.338351843383444262e-01
5.549467390749310836e-01
5.677901051711179425e-01
5.754023697955531480e-01
5.545498939292035079e-01
5.303539024035099914e-01
5.236422418130801670e-01
5.307163911726158201e-01
4.927141052228405371e-01
4.984608327670095318e-01
5.017399870572201159e-01
5.340118379251264091e-01
5.487917276697610314e-01
5.383846710340339792e-01
5.255212638429613836e-01
5.371426632478747409e-01
5.293759697135854703e-01
5.214766323028198203e-01
5.358403280310495287e-01
5.903613446386788421e-01
6.265631918081722151e-01
6.397673616574914846e-01
6.167820532752590346e-01
6.533180184912541488e-01
6.278663564958242294e-01
6.178949262730846215e-01
5.987384042912701210e-01
6.080304499527536821e-01
6.272453021510775439e-01
6.135614926024127724e-01
6.181496139903016607e-01
6.451519016891507086e-01
5.615134575687417140e-01
6.224758329013622138e-01
6.399515663156081224e-01
6.763616812814284840e-01
6.868394696804044353e-01
6.977104872038033534e-01
6.777246334791287019e-01
6.621961599702010925e-01
5.716605183694809522e-01
6.875521306550095302e-01
6.927659571979679631e-01
6.902742533896996102e-01
7.216494866494720384e-01
7.205237193397552309e-01
7.111715172261414697e-01
7.183764097814950844e-01
7.126245761093300546e-01
7.057215527965717827e-01
7.169013155445674856e-01
7.163631815474130748e-01
7.125109069055411970e-01
7.029546226318199587e-01
7.000115066446354062e-01
6.960113496321387316e-01
6.947992922382348890e-01
6.995771357809422719e-01
7.027321386311436990e-01
6.996062498503554661e-01
7.092130267405544197e-01
7.113225345684303091e-01
7.014509542229033778e-01
7.013988612371351294e-01
7.016679978826534381e-01
6.967832601733154885e-01
7.009117651915640623e-01
7.018090610479911229e-01
7.089140423207249686e-01
7.085464682672171222e-01
7.207248189209097822e-01
7.299504147139266319e-01
7.336044157226078166e-01
7.364943768905940491e-01
7.383168609837651442e-01
7.436434700499232608e-01
7.383777395521049502e-01
7.375894469254778985e-01
7.442673685519902715e-01
7.405580899854662391e-01
7.365191826687503829e-01
7.434693253867638019e-01
7.469368112223380152e-01
7.443612092495311972e-01
7.328097037618631626e-01
7.125080982762533877e-01
7.106054169464094405e-01
6.767835160243114156e-01
6.574251708287833784e-01
6.796116872055425473e-01
7.179819043071667961e-01
7.212516953005049247e-01
7.352934189105049256e-01
7.455321419604492572e-01
7.479958216613457056e-01
7.484361768136108539e-01
7.539432609151440756e-01
7.578779619686473179e-01
7.620419730236791533e-01
7.619758524206975414e-01
7.700022572357869688e-01
7.737381501466392697e-01
7.721220259696630617e-01
7.680197150400323025e-01
7.504811643035284030e-01
7.421938737227193883e-01
7.404293717484070614e-01
7.237984276419909824e-01
7.450038586528088258e-01
7.157213994872366758e-01
6.786299704957976520e-01
6.945623758455256036e-01
7.397171385066901861e-01
7.336264353431347640e-01
7.432623466899294096e-01
7.576156226470732724e-01
7.669606770905031956e-01
7.550578500871470977e-01
7.507934878159456815e-01
7.534414672356126719e-01
7.570314852826306451e-01
5.901381008376695991e-01
4.870052387941116723e-01
4.970829069166161074e-01
5.146778557028207635e-01
5.405844778896226055e-01
5.545480319098207156e-01
5.666423179411066435e-01
4.721413027343189794e-01
5.041284837997694890e-01
5.141971903630135898e-01
5.654129105948053624e-01
5.593209952367071969e-01
6.936617116395596971e-01
7.128683137408726722e-01
7.134323256091640308e-01
6.979938129809095670e-01
7.557199485345155177e-01
7.564451370726509305e-01
7.613471848311658130e-01
7.557392630540731293e-01
7.579101108374095563e-01
7.456327328884518879e-01
7.418059879144853763e-01
7.534769375528524993e-01
7.589577585947957505e-01
7.624104173858411437e-01
7.602658021392333376e-01
7.283165907095581204e-01
7.016176929393365125e-01
6.954757406838399936e-01
7.176263617150312468e-01
7.512988122614151498e-01
7.635331865472961832e-01
7.687287378700224938e-01
7.679277354432869629e-01
7.558755680800359755e-01
7.490534130125910961e-01
7.480616586796592360e-01
7.448219379962699449e-01
7.481498401740748205e-01
7.120235623667683367e-01
6.750755263620723534e-01
7.014815545952026721e-01
7.477982784745774714e-01
7.636288987897039693e-01
7.609311247778147713e-01
7.727339312763034096e-01
7.562074989087553822e-01
7.528766199899331601e-01
7.488835584362431019e-01
6.481302631705192496e-01
6.454632189205253834e-01
5.986024487959294982e-01
6.286283821154106111e-01
5.387316690606102076e-01
5.710279027441935717e-01
6.569907320289858355e-01
6.238251364885110117e-01
7.069169854612787907e-01
7.058552141289173854e-01
7.099555221195037458e-01
6.344630251586221847e-01
6.952114063772236729e-01
6.324218977819460186e-01
7.127337456420774764e-01
6.343658958532871761e-01
6.362696363943498579e-01
6.079889709111987450e-01
5.300020468282292674e-01
6.137421613508434737e-01
5.896158424878539250e-01
6.701836220897099405e-01
6.173314379616442471e-01
6.114750123893039069e-01
6.041283182006188524e-01
6.087189188245433202e-01
6.008822423081239261e-01
5.449814307793086066e-01
6.012598692033621628e-01
5.743577929008627514e-01
5.088182921361543709e-01
5.162996307584944988e-01
5.375662378618681903e-01
5.386016474548391830e-01
5.707595421789829482e-01
5.702508636991733271e-01
5.653950638072345880e-01
5.658436022009367683e-01
6.063119300191768257e-01
5.484826097043512538e-01
6.027178941629349751e-01
5.533337902459112279e-01
5.531259875959420036e-01
5.486273906230206832e-01
5.920291039535893196e-01
4.954739519270500159e-01
5.405222885263415433e-01
5.068603518401849639e-01
5.374500774084638444e-01
5.450212828128214726e-01
6.142401545014906095e-01
5.989722465485072256e-01
5.402469367041691228e-01
5.370724353003365481e-01
5.284937319839614345e-01
5.276666290063591891e-01
5.164793072531321805e-01
5.105213179951114677e-01
6.053987819448369834e-01
5.035823929283181899e-01
5.739497903157299019e-01
5.789708487092768419e-01
5.951039032581154631e-01
5.846998290062597192e-01
5.977464340857474578e-01
5.327827671139933052e-01
5.785065085355693970e-01
5.192891011107202415e-01
5.181917007091842997e-01
5.789628400482558224e-01
5.339560228732983527e-01
5.711827484613896111e-01
5.324885837434498725e-01
5.557113840523401072e-01
5.729234658726506391e-01
5.729985563981621066e-01
5.234359061713232952e-01
5.808797295660290683e-01
5.225833092571172678e-01
5.245099937055212047e-01
5.679461460575805365e-01
5.701615351943655208e-01
5.701826145513453348e-01
5.242823036693992078e-01
5.372299907033641908e-01
4.520629134858004661e-01
5.020150019441204092e-01
5.335160861145663569e-01
4.998940797442968376e-01
5.082396221383067569e-01
5.073409918165432408e-01
5.069786126404297599e-01
5.518397497260744133e-01
4.912873734733381181e-01
4.900061151535191062e-01
5.410060408060397563e-01
5.367154767078418098e-01
4.555452396946992888e-01
5.088036759918808105e-01
4.964403610987650484e-01
4.381579684278217868e-01
4.307759278688561011e-01
4.844826641036183990e-01
4.674916682787191302e-01
4.691720346953734411e-01
5.111364309881024637e-01
5.090912848724798989e-01
5.098947734367160756e-01
5.061462691792045776e-01
5.010192372599230337e-01
5.003306446623110304e-01
5.048115637260477406e-01
4.686003770598072826e-01
4.676988931032015073e-01
4.585261502651878374e-01
4.874986223094541216e-01
4.485387425606764400e-01
4.710711725139389294e-01
5.337214608925268111e-01
5.105246412711907933e-01
5.105231645001256924e-01
5.533614131323969509e-01
4.916509724588175589e-01
5.425724632042143725e-01
5.399291225332872868e-01
4.948375390354955994e-01
5.029360271161562590e-01
5.042777599475739558e-01
5.040694505264128322e-01
4.882118797940229182e-01
4.536153039497770600e-01
4.547348828529944598e-01
4.772452531763927142e-01
4.936970750949856712e-01
4.972247990512121407e-01
5.074233028046840621e-01
5.116603702972196688e-01
5.068683275020279266e-01
4.961666571022116945e-01
4.848041919815928580e-01
4.948480311153385380e-01
5.398513653958109115e-01
5.048950771833932150e-01
4.848515772627235432e-01
4.767598650172557573e-01
4.570347831132678951e-01
5.119117071408919584e-01
5.528063642004670264e-01
5.493785429100289663e-01
5.437408122979583425e-01
4.931393583487910237e-01
4.999039938179039022e-01
5.098455671028730984e-01
5.117493184543097096e-01
4.950303662933302484e-01
4.810231834447768473e-01
4.697614142707068896e-01
4.589848814249448128e-01
4.740002885487653583e-01
4.529774570631411312e-01
4.391722866979135831e-01
4.375096008383104196e-01
4.492627210238833158e-01
4.700113430857414953e-01
4.551350051149234965e-01
4.678324610079241386e-01
4.749469123656060998e-01
4.747834731741121250e-01
4.651228433955016395e-01
4.672676586026845436e-01
4.950590978359066252e-01
4.980108916910269135e-01
5.184639264571738737e-01
4.961002341877105981e-01
4.880830209814769893e-01
4.757686466788548230e-01
4.780321026876110380e-01
4.719515940863416859e-01
4.623704777242053088e-01
4.835510497907267724e-01
4.601351487786450867e-01
4.584241632914307085e-01
4.600669976494406455e-01
4.504771910296010429e-01
4.378013461239084747e-01
4.153618097656135433e-01
4.261592084902166011e-01
4.422102864527492350e-01
4.766859206995326947e-01
4.807251858574194681e-01
4.806016418846688065e-01
4.779155045627608289e-01
4.721458561730293435e-01
4.717485951668423105e-01
4.681806052576517607e-01
4.710479968685022389e-01
4.759803440254578022e-01
4.829863048689927996e-01
4.845935495490804601e-01
4.854725107945347951e-01
4.869822048001615222e-01
4.904102144353451043e-01
4.915872010496196154e-01
4.882333950069906447e-01
4.903540373189163581e-01
4.875834966344677057e-01
4.894517722241597535e-01
4.952241774768788019e-01
4.976984695092755984e-01
4.942395113919464955e-01
4.930512961996054155e-01
4.874995040314840100e-01
4.884595656379238093e-01
4.921918753653040102e-01
4.923509070153522793e-01
4.909689067346027502e-01
4.898982211660686814e-01
4.889761751090603847e-01
4.923360484774733092e-01
4.907288685360828850e-01
4.871514492344966030e-01
4.919398866520254821e-01
4.919905236831852435e-01
5.045176024807865867e-01
5.075776738598675175e-01
5.186175531049687093e-01
5.231648471617909024e-01
5.327652754582847816e-01
5.357203475662489778e-01
5.336995630693751602e-01
5.265397102289192111e-01
5.234491051475762546e-01
5.287218896685726977e-01
5.369039189898933140e-01
5.414898573909273649e-01
5.387336432102795003e-01
5.376314256620974286e-01
5.406228556749282932e-01
5.567194294831238066e-01
5.566297040505167049e-01
5.595148942083211230e-01
5.666855212984641676e-01
5.627983893781098867e-01
5.543370886471972181e-01
5.520435934035307080e-01
5.495610365995959867e-01
5.523642749838851840e-01
5.543271786376853250e-01
5.530606808884171999e-01
5.512020720468880919e-01
5.514336707646730895e-01
5.500916858927701325e-01
5.570634920448657157e-01
5.471298739893858398e-01
6.047911671602903549e-01
7.581922284240284471e-01
7.732968668273223489e-01
6.552678974139283241e-01
6.249658844464741625e-01
5.462185825307016573e-01
6.005074953444995423e-01
5.266201185305715571e-01
4.692956295537292766e-01
4.511480724722272129e-01
5.071381614222360001e-01
5.050752889735949935e-01
5.121978008365102308e-01
4.707810727021013997e-01
4.224759183577299626e-01
4.897237913530725351e-01
4.842879619487188148e-01
6.024847538705738748e-01
6.097605950138362818e-01
6.070822272259552843e-01
5.931412987308456453e-01
6.034071718714392185e-01
6.167261927032510194e-01
6.004737938006090570e-01
6.135929843247315274e-01
6.142446368182302718e-01
6.153557373893465687e-01
6.056806490468094051e-01
5.951439891577353647e-01
6.030569074126087559e-01
6.007327040961025766e-01
6.041659556919847240e-01
5.997596207331504781e-01
5.908709692712246220e-01
5.920004962842156937e-01
5.806935353723123860e-01
5.592942642930708308e-01
5.430651031860005418e-01
5.468107756701980904e-01
5.691359616507721819e-01
5.560490967757865111e-01
5.850713468699766384e-01
6.011975808746828909e-01
6.088495782541510914e-01
6.278011366492699530e-01
6.354292765167516288e-01
6.480894561709000801e-01
6.397438622877963388e-01
6.331505769883697399e-01
6.302556162379155946e-01
6.153944380273652648e-01
6.079846221306959286e-01
6.272616392631357174e-01
6.418543282068497335e-01
6.361383114336915945e-01
6.395676324366600385e-01
6.433873825279152747e-01
6.481121602583291841e-01
6.369545041071712488e-01
6.545005435220253576e-01
6.571049474518197986e-01
6.612584890167968465e-01
6.690057208990521920e-01
6.547714915959665927e-01
6.412546656661108901e-01
6.518493969218407402e-01
6.478903103538850017e-01
6.480522005186926116e-01
6.430619969213050569e-01
6.396584403581689893e-01
6.500582053441962271e-01
6.542193660061690341e-01
6.529726924507698316e-01
6.704438784441901777e-01
6.873508663896220616e-01
6.933157286566727917e-01
6.783253807382290113e-01
6.833007341744763430e-01
6.781753846403302255e-01
6.890811201102824413e-01
6.859409936927212126e-01
6.788063972710056682e-01
6.825117296230032160e-01
6.817860086244277307e-01
6.900734488248213561e-01
6.865243267536375038e-01
