6.677562631510435276e-01
7.119870790948249484e-01
7.198234149764802803e-01
7.150909336951832840e-01
6.992529975918321261e-01
7.015031448906403622e-01
7.076300274327947948e-01
6.983693065199105821e-01
7.182912828287159046e-01
7.162540529331914430e-01
7.046222777452493258e-01
7.095438534686248078e-01
7.058405583452327381e-01
7.143100526200792943e-01
7.307552201799540903e-01
7.230031494219167909e-01
7.076557184594419736e-01
6.942020574302427693e-01
7.064936545294379089e-01
6.991395121401476898e-01
6.814065010267849054e-01
6.908909342684286248e-01
6.965470201322889743e-01
7.025790686886604908e-01
6.853132935668460046e-01
6.911307550941625522e-01
7.146281268294430999e-01
7.083537639303455480e-01
7.096793920834810754e-01
7.103976142328191079e-01
7.009358791519851861e-01
7.116327037513073828e-01
7.103722690090884528e-01
7.109531535358106780e-01
7.128443392981995697e-01
7.057020841552374968e-01
7.075503728640043510e-01
7.091699919180891598e-01
7.122121635708397180e-01
7.199432884629272111e-01
7.267611330188187280e-01
7.098817444350082884e-01
7.057107956608135169e-01
7.069434583352363077e-01
7.114642638561012866e-01
7.211304076053823842e-01
7.318303365787074410e-01
7.394553348158416917e-01
7.073886970956817510e-01
7.269112718186673261e-01
7.278983294773229140e-01
7.243017170050162212e-01
7.289762169384869095e-01
7.417967925551199881e-01
7.411603260704328067e-01
7.254403144429700800e-01
7.389181603965987444e-01
7.265683045514929050e-01
7.256411433825641355e-01
7.287071373951655717e-01
7.278813371992479686e-01
7.280088105289785894e-01
7.348841381517359217e-01
7.338025046926680561e-01
7.350929519125571909e-01
7.359481587788223589e-01
7.399160929803459963e-01
7.361316366605887840e-01
7.379943804009981845e-01
7.379204476918428401e-01
7.411398726255646885e-01
7.391420574424709677e-01
7.388752557314138825e-01
7.406325954026825586e-01
7.395970295532979799e-01
7.418845857929361465e-01
7.428065221756042780e-01
7.452506369450049295e-01
7.451016075583821729e-01
7.445672085015275776e-01
7.428946059338324970e-01
7.452605074710315636e-01
7.460074675212698958e-01
7.451972656916141524e-01
7.417853498974033011e-01
7.450562859284235451e-01
7.455959951915549500e-01
7.367383701209825331e-01
7.112895516566148935e-01
7.120396080738976563e-01
7.164220714683822155e-01
7.144176546080358570e-01
7.354158026755647226e-01
7.254506672749316820e-01
7.124823573518299646e-01
7.260701096223537432e-01
7.115324499365512922e-01
7.225692919908511813e-01
7.107022799534815638e-01
7.242112556535119650e-01
7.175130064406493036e-01
7.225424518091846382e-01
7.239191603510798378e-01
7.374473212255754362e-01
7.082324783883595654e-01
7.176984379282441706e-01
7.150002194469743388e-01
7.369162756345406518e-01
7.204610019362105433e-01
7.207175760676354237e-01
7.210341194659704023e-01
7.202413259179698546e-01
7.160396252140747153e-01
7.186601699248384989e-01
7.145045271830835487e-01
7.125980949342740622e-01
7.131279508212865492e-01
6.947026463527771201e-01
6.917659797235202745e-01
7.143275151133668954e-01
7.020556626542968637e-01
7.086984039687518333e-01
7.148336090115748886e-01
7.198127340983887512e-01
7.203064378920115418e-01
7.151404708064783566e-01
7.195277933836169426e-01
7.149676080139465428e-01
7.248404919402950952e-01
7.313406485851651206e-01
7.356218078353624623e-01
7.368797137152764964e-01
7.494061237006092169e-01
7.455147566731635811e-01
7.517922535002984352e-01
7.595806726027671818e-01
7.458797760582424052e-01
7.390983657360926662e-01
7.638382698087030631e-01
7.554010583789391164e-01
7.527221806623149991e-01
7.465617179569609130e-01
7.282934463134548286e-01
7.188205788804175045e-01
7.240482181260925465e-01
7.210243931363500280e-01
7.073304035461301931e-01
7.153260617437169344e-01
7.028005158591678070e-01
6.987969784375098747e-01
7.068421218219709257e-01
7.059950493585757103e-01
7.213296203900285697e-01
7.267648866290299381e-01
7.333046888602564595e-01
7.269113585560618152e-01
7.330141651938384406e-01
7.272476094100202015e-01
7.344119877009557262e-01
7.342010466047170780e-01
7.201541822167645268e-01
7.266859894584545287e-01
7.205297330799360633e-01
6.909303182981783031e-01
6.827062848374997328e-01
6.784367831218197642e-01
6.826605865503915238e-01
6.875549554733378921e-01
6.883320598948424740e-01
7.001487545925051403e-01
6.981089837186272851e-01
7.062389667090396284e-01
6.987976961179772628e-01
6.206213926050326846e-01
6.824446838645351621e-01
6.789417280666480980e-01
6.817310502388989057e-01
6.822923384069126129e-01
6.789279384722910482e-01
6.818472416414798065e-01
7.587393755462693568e-01
7.595115043823663648e-01
6.744410291831822724e-01
7.550619975936556649e-01
7.497378825493508092e-01
6.736899558154734180e-01
7.581381823130244335e-01
7.593063999431197697e-01
6.849624473355402365e-01
7.672227097215298386e-01
7.613077839524694523e-01
7.606989451201614516e-01
7.537362232804655227e-01
6.803082009605800895e-01
6.742691581645545718e-01
7.530589284735934585e-01
6.805113512387089836e-01
6.870001437870250083e-01
6.881103469394506122e-01
7.573555691056061967e-01
6.798059815477891510e-01
7.577638773863702992e-01
6.800674234161369069e-01
6.610869133617777171e-01
6.635397168007924895e-01
6.642082605342018997e-01
6.590090633502592166e-01
6.651277291609396514e-01
6.690762902459733708e-01
6.761260563914868182e-01
6.789781911606873610e-01
6.764983434516593785e-01
7.591830904033534111e-01
7.651629675497021443e-01
7.601478498748159840e-01
7.569154870894673204e-01
7.547751509943696480e-01
7.625375542176335841e-01
7.604626957979135904e-01
7.565184095477687221e-01
6.068892484697777645e-01
5.887339562047988473e-01
5.973689927237594288e-01
6.369546469359486096e-01
6.828125365640270727e-01
7.043992780159444855e-01
6.993851224446552273e-01
7.119694641121878664e-01
7.363001398762630823e-01
7.420327411760317959e-01
7.214639731822647395e-01
6.916337881814226263e-01
7.499615035243653027e-01
7.211031183837804948e-01
6.931010795385511569e-01
6.834228992959548998e-01
6.702720021801644723e-01
7.558727527209693209e-01
5.421986483794106748e-01
6.566469226918275615e-01
6.502017979587594310e-01
5.270426560956054107e-01
7.003233032087313736e-01
8.205796129242380887e-01
6.296064172047796115e-01
4.724347721737961470e-01
4.583090157674272747e-01
6.551326184823433874e-01
6.313161778729599050e-01
6.316139017597587335e-01
4.605185704824856785e-01
4.719827270615914450e-01
6.255254736707722696e-01
4.395558321761663945e-01
7.508551414323949569e-01
7.440415352559480722e-01
7.492305956737902450e-01
7.402780146637660819e-01
7.367247753437907720e-01
7.347938319189819545e-01
7.302852258074975511e-01
6.508325232937355320e-01
6.467728505941617856e-01
7.168554789466939914e-01
6.428083788916048036e-01
5.859315315271034219e-01
5.859084233625412308e-01
5.478990569082109463e-01
5.582228696097345511e-01
5.533534338224025406e-01
5.459706864737082777e-01
5.412409804873586916e-01
5.448542332987921233e-01
5.589186099844966060e-01
5.579966249737557948e-01
5.435463904015308545e-01
5.509344604661273737e-01
5.544842713881477092e-01
5.554086523026037225e-01
5.593634436740750893e-01
5.601506861772481694e-01
5.554387345659753672e-01
5.495262017831640255e-01
5.523676447975861548e-01
5.582079822467541641e-01
6.083862882929129690e-01
6.075146642208153480e-01
6.103341139179561115e-01
6.165383391304670724e-01
6.234388046174752507e-01
6.225711563804302573e-01
6.340016791760129111e-01
6.322075274877356765e-01
6.336895029652862554e-01
6.300594049858220247e-01
6.105338849275558921e-01
6.067360749807823028e-01
6.057398531959576893e-01
6.085721996165310843e-01
6.027676475642271825e-01
6.014285976263249456e-01
6.084470011256777333e-01
6.172799303464943099e-01
5.995294464243332566e-01
6.065465847046098702e-01
6.302635239084920515e-01
6.161295373689373855e-01
6.479581903504810780e-01
7.051242643991821879e-01
6.793175596228168134e-01
6.651968804332424323e-01
6.312143483675518585e-01
6.318888317154260914e-01
6.361710826471678182e-01
6.383380294121914211e-01
6.414401449985299708e-01
6.161814445138774632e-01
6.265959051097517163e-01
6.340093296148858748e-01
6.285191976342948683e-01
6.311587407129506389e-01
6.377044766082261562e-01
6.383521990592236905e-01
6.422347680878329745e-01
6.479799079079761048e-01
6.551755820217080029e-01
6.592129622992263238e-01
6.593556827331537029e-01
6.631687211088986844e-01
6.730656726181936111e-01
6.734208568891774105e-01
6.749089750533588949e-01
7.032995439572339302e-01
7.306992421641158586e-01
7.279409243256611539e-01
7.320450589621594339e-01
7.335207226149179638e-01
7.378445577270472677e-01
7.632053088128336604e-01
7.579694966620837970e-01
7.607657139175287853e-01
7.616573653725733362e-01
7.646163248188044825e-01
7.597758153146958460e-01
7.738955418754136506e-01
7.745994381579924815e-01
7.714900360842827931e-01
7.612931333208475815e-01
7.170207489382816046e-01
6.365088633289842646e-01
6.547106342523831835e-01
6.652288130164814017e-01
7.319147324247412545e-01
7.156518110925160769e-01
7.124560621324411702e-01
7.085498814281756541e-01
7.342007717594547511e-01
7.263185462918300139e-01
6.571114123042248734e-01
6.558157483164012147e-01
5.952367247320100585e-01
5.864167824809597418e-01
5.588506001728817951e-01
5.647110298200360701e-01
5.278621150550301122e-01
5.509915477112915516e-01
5.521473786790812577e-01
5.165837247563597190e-01
5.218618071833415195e-01
5.145502522899156883e-01
4.898077791829935634e-01
4.865221208720872936e-01
4.728489936111724412e-01
5.225478076946072914e-01
5.320279614555435410e-01
5.416090707192620091e-01
5.451100175249503632e-01
5.449976793079731596e-01
5.462247678252631911e-01
5.682643577155257475e-01
5.656898067310597300e-01
5.665453222863212623e-01
5.525895393664341793e-01
5.417970338495561311e-01
5.564635656867910063e-01
5.555830256695758473e-01
6.065862256046898882e-01
5.396949620880107101e-01
5.416011997486740448e-01
5.384048567235126814e-01
5.728025471316476880e-01
6.162101829696252642e-01
5.523709780828035543e-01
5.414185396113022630e-01
4.796796864003121663e-01
5.255023499614970284e-01
5.339406504613471993e-01
4.909664754408307186e-01
5.132037029577770637e-01
4.974387772663027008e-01
4.744655816779841939e-01
4.779584653161144669e-01
5.942253859859780718e-01
5.972981810541061476e-01
6.291080213954772793e-01
6.504548510965671992e-01
6.574527840385978594e-01
6.701980212794274028e-01
6.610399517709277806e-01
6.720738138614877899e-01
6.820323439032425217e-01
6.905120907143147413e-01
6.910647597492622918e-01
6.975475967002636724e-01
6.899252195087515194e-01
6.863569881784725712e-01
6.816028476353308552e-01
6.905234567560983860e-01
6.865257905179653619e-01
6.839546728595934377e-01
6.829319676664553640e-01
6.939569477845825007e-01
6.996678967389411419e-01
6.911191447254749765e-01
7.019064959723024799e-01
6.944283668042560143e-01
6.670156918854760475e-01
6.665239746964354284e-01
6.900496726529682379e-01
7.010406163198845686e-01
6.781444115322816657e-01
6.834706230671460103e-01
6.812744421152392427e-01
6.900546935222632294e-01
7.133320474287186963e-01
7.193352696496849719e-01
6.971298598731073826e-01
7.078105829496025292e-01
7.220003421836739266e-01
7.274138847066093927e-01
6.425630448427420705e-01
6.629366412754763571e-01
6.567952416324693843e-01
6.603122298710931704e-01
6.520489053498047527e-01
6.688879318370745120e-01
6.463117155238046196e-01
6.657090359099974153e-01
6.588168423007528807e-01
6.786409450949058009e-01
6.777886306308285036e-01
6.766730123362472149e-01
6.725148069742771240e-01
6.817386149091092529e-01
6.545761221928324547e-01
6.790624977295712794e-01
6.633106361402778539e-01
6.595799691051658087e-01
6.829582853957224531e-01
6.800148605172430250e-01
6.952063429591269772e-01
6.937402158239636130e-01
6.849583423425165130e-01
6.750211923245431622e-01
6.633816484430631322e-01
6.703315641253376755e-01
6.786013409184467049e-01
6.876453655107720442e-01
6.801393932788740715e-01
6.996481772599941751e-01
6.851254736245766530e-01
6.877553426969348349e-01
6.783434429329874282e-01
6.845999034692571428e-01
6.857473480309882463e-01
6.967200623051413855e-01
6.977755023459708550e-01
7.019512140924237809e-01
7.054851933799703989e-01
7.037774156033653750e-01
7.036387772432116661e-01
7.072502612645785725e-01
7.063913687974957556e-01
7.093078606880870440e-01
7.098340800913233162e-01
7.100736296923627622e-01
7.104818564501980127e-01
7.098560813404423131e-01
7.076936517071884536e-01
7.089465888071369015e-01
7.080809862653517639e-01
7.118312938278322788e-01
7.112251813852649152e-01
7.117330565474561110e-01
7.111128024634099098e-01
7.091161620456118975e-01
7.129989288981596340e-01
7.100913540410535019e-01
7.121843588930930613e-01
7.113833485144026580e-01
7.135322633303919915e-01
7.143847719062935697e-01
7.129937263512492462e-01
7.123830442454907041e-01
7.121503949126207766e-01
7.103778447211044345e-01
7.118784986805813952e-01
7.123625233213836117e-01
7.129257426408760479e-01
7.133038028209170989e-01
7.052378601831761351e-01
7.010525491000483278e-01
6.896687359348945279e-01
6.710428620306410075e-01
6.763910855125260246e-01
6.782168290760386409e-01
6.907511769759969722e-01
6.767268402087514012e-01
6.808979196111054621e-01
6.830401537703468806e-01
6.744942314632176306e-01
6.595436211846068542e-01
6.564256423915469929e-01
6.544364124573474051e-01
6.591010291079487660e-01
6.786002186075252851e-01
6.518093176171703140e-01
6.312839894363065918e-01
6.301248087295361344e-01
6.409382125413382036e-01
6.601900971141237973e-01
6.653733372701531312e-01
5.900708322743360990e-01
5.386278442169628589e-01
5.553445914072855372e-01
5.753946032214282136e-01
5.807739911156077905e-01
6.023411387857851018e-01
6.113184615013254053e-01
6.136052719754357954e-01
6.217871304179679592e-01
5.752490664950062893e-01
5.780591820775206058e-01
7.477142396928794232e-01
5.441673547908262298e-01
6.119359721231240057e-01
6.042423287066661652e-01
6.463244540184477360e-01
7.538422098380721526e-01
7.192316181702130828e-01
4.696237470240683387e-01
5.608752567573322967e-01
6.519585117688802001e-01
6.954974136735482260e-01
6.558417136709584483e-01
6.727210929032541031e-01
6.901755901105777191e-01
7.107057626750259427e-01
7.129873127939485578e-01
5.787557254884949653e-01
5.754890562705319290e-01
5.737779267801692562e-01
5.736702197800020997e-01
5.881445901310685676e-01
5.906193155430256025e-01
5.834238427321835063e-01
5.660360742670298428e-01
5.687120883819387629e-01
5.712785240852465973e-01
5.675647446003736496e-01
5.767070627517157932e-01
5.684823465767109285e-01
5.784493839921291958e-01
5.993896662927885588e-01
5.934740847158880284e-01
6.085417241168262770e-01
6.314437821059075695e-01
6.205763773468189193e-01
6.252621421573121285e-01
6.224248033892603171e-01
6.121788175095104201e-01
6.156117478513877250e-01
6.290564137978494896e-01
6.149429780581682214e-01
6.253939149523162211e-01
6.341124640485426012e-01
6.170634109965402736e-01
6.265975396189943369e-01
6.332461830867076591e-01
6.495253694334786054e-01
6.538732506829323388e-01
6.638647067217574582e-01
6.707030848442877558e-01
6.049514903390330600e-01
6.061872602956612788e-01
5.911390531548679217e-01
5.898253137705963267e-01
5.989477924962267608e-01
5.967336574860053755e-01
6.061567151282202248e-01
6.122013150746368204e-01
6.091268426509844902e-01
6.158393783255232679e-01
6.145692027007583214e-01
6.153105269275311873e-01
6.116984062332058159e-01
6.123212569625975377e-01
5.989653597200134127e-01
6.181958822188184932e-01
6.161304440858974552e-01
6.178461858016958130e-01
6.012045917081664248e-01
5.970070171477301901e-01
5.848424386945372255e-01
5.331134722644551571e-01
5.979490258396801261e-01
6.072511455905321709e-01
5.976160592240696845e-01
5.975064444947466580e-01
6.115603699275342642e-01
6.061904682028974589e-01
6.222248741566930308e-01
6.109548234789574650e-01
5.769575837650871009e-01
5.830316744033122722e-01
5.868544826058791353e-01
5.729487246006503831e-01
6.097523718751166610e-01
6.124134263838515446e-01
6.428888811797321967e-01
5.882613070372003650e-01
5.870029999110796259e-01
5.829681473060082109e-01
5.822794485178856005e-01
5.720159548621936985e-01
5.756932185545697855e-01
5.685849530013615816e-01
5.670964869784288487e-01
5.647941800092316500e-01
5.567988680994694350e-01
5.562888200171388631e-01
5.630319283496967309e-01
5.514303167474609024e-01
5.529513788616472469e-01
5.478292048230508637e-01
5.595289112771506534e-01
5.611417744063552648e-01
5.682623904344331622e-01
5.630983930769890566e-01
5.694712897240032934e-01
5.720499124863136498e-01
5.737927547200597500e-01
5.796093531718079506e-01
5.792317182861158598e-01
5.606172944836832484e-01
5.623233930959865567e-01
5.611163720329235272e-01
5.627908029141437396e-01
5.751018363965501035e-01
5.880040182871978383e-01
5.805986937852145591e-01
5.545915723366298122e-01
5.506270634391742247e-01
5.438115234689724353e-01
5.529001649987073108e-01
5.421530851439887444e-01
5.428833708703486582e-01
5.514821593983179060e-01
5.545189000912862376e-01
5.505295094087933050e-01
5.547701139832400541e-01
5.575124009701920569e-01
5.527424274573420337e-01
5.447946852992955336e-01
5.384226997957197725e-01
5.260347170960056884e-01
5.001273838516917536e-01
5.059885964646180234e-01
5.018984324873165814e-01
5.105310388108283970e-01
5.068738383750792664e-01
4.935499323520593506e-01
4.911001730276442490e-01
4.999013142447909508e-01
5.130236930781365556e-01
5.191899553266637879e-01
5.396903501719477747e-01
5.449704810637731045e-01
5.539165188343646573e-01
5.252678017322656157e-01
5.328254722447360869e-01
5.412690265409874080e-01
5.450892678450447448e-01
5.448613256342850208e-01
5.474342583054673250e-01
5.473483640821068530e-01
5.585973528994104820e-01
5.017716343182511141e-01
5.500381286799340685e-01
4.894362587658265817e-01
5.436402073385530054e-01
5.020095096765260223e-01
4.939245227333190491e-01
5.480898787149857121e-01
5.040233531732610794e-01
5.494576971463391857e-01
5.079389554133929563e-01
5.495942742641652945e-01
5.037316151786834784e-01
4.908667115520138347e-01
4.844803032343985016e-01
4.917000476484285620e-01
4.841127847416029639e-01
4.847584518544382770e-01
4.861847983987482302e-01
4.990435257322693441e-01
4.990624058195474166e-01
4.938431756965817043e-01
4.858742170083735767e-01
4.839682084010322183e-01
4.877128063116716317e-01
4.860113711803837333e-01
4.770706062765059929e-01
5.117915617098537373e-01
4.761312873014163505e-01
4.770640361484879133e-01
4.718491175296832818e-01
4.695670873397458922e-01
4.769111432264132033e-01
4.628373366310520320e-01
4.660812706420692231e-01
4.688552701502926023e-01
4.624358988681917526e-01
4.675487715946090028e-01
4.813518879654569704e-01
4.942267524162113901e-01
5.095297627264701035e-01
5.093923714448878037e-01
5.122628216490919817e-01
4.941606000747323368e-01
5.416247522658153013e-01
5.346236208127848055e-01
5.320470661785271504e-01
5.402600270608318711e-01
5.335212417196198986e-01
5.227376625000781374e-01
5.193659478557184350e-01
5.120805490998544540e-01
5.475296713975136287e-01
5.138124885618252646e-01
5.234036831524497835e-01
5.676862778529468967e-01
5.756519098414087932e-01
5.797441650322936457e-01
5.206488051650384197e-01
5.178744205686814928e-01
5.110547027110534657e-01
5.282538487723681397e-01
5.395933749904276988e-01
5.946600695313783991e-01
5.922258143696652599e-01
6.061174396723295610e-01
6.013461127793331418e-01
5.790663931510683371e-01
5.352528264548311876e-01
5.934819973672367244e-01
5.372600710605376362e-01
5.372350122512159487e-01
5.310165207862630465e-01
4.970623084633364885e-01
5.398337580230783139e-01
5.661003543646050407e-01
5.728260258245577718e-01
5.724918475510922811e-01
5.676281556212472434e-01
5.584423418584628651e-01
5.459259114138761415e-01
5.199248655976297373e-01
4.980874497195735273e-01
4.908950975862937383e-01
4.979159599563162675e-01
5.221040464955902793e-01
5.257317172456320575e-01
5.265626596605422760e-01
5.269010489875466385e-01
5.330579488994814374e-01
5.385911210502460911e-01
5.375171111418644010e-01
5.297561812531121905e-01
5.346822461430432716e-01
5.314479892587160581e-01
5.345232103434593984e-01
5.236611932146852944e-01
5.255186004259145838e-01
5.328305563861014393e-01
5.369548374570817240e-01
5.360282780873621977e-01
5.371066065491443275e-01
4.946763392022395234e-01
4.892623867451150743e-01
4.932434657656376564e-01
4.897103209209558994e-01
5.319512737965093052e-01
5.003491248448715956e-01
5.062569561889594949e-01
5.104561536935621202e-01
5.122052565966340731e-01
5.107030694122026704e-01
5.067635412840176823e-01
5.103900948573124596e-01
5.129840784306227697e-01
5.149754141637968852e-01
5.182085189576762785e-01
5.171013359370563167e-01
5.572891506470202261e-01
5.566769841174248334e-01
5.164250500835035895e-01
5.160439585070072388e-01
5.743251917779600424e-01
5.229898663398134806e-01
5.712581203022820686e-01
5.262830427698287350e-01
5.743076383704917021e-01
5.272906123124631028e-01
5.725294603267829796e-01
5.308526008660758855e-01
5.269976774755529281e-01
5.273152206319778879e-01
5.234548328518398019e-01
5.271556531507166632e-01
5.296685106117130504e-01
5.281505200667311328e-01
5.353538100264096933e-01
5.348605878186389884e-01
5.306488743473728453e-01
5.235522759727365694e-01
5.133162732695152330e-01
5.109608217389990381e-01
5.208159548638453540e-01
5.127339933369520208e-01
5.209478540705960725e-01
5.750115473011550016e-01
5.449577538609998717e-01
5.526629188613577659e-01
5.599565349997470687e-01
5.580586915300204121e-01
5.588418022741080682e-01
5.483800845241669775e-01
5.665078180762583848e-01
6.159447046122462632e-01
6.567898518701813515e-01
6.149412702101275663e-01
5.454064535086752263e-01
5.512351675400929407e-01
5.694787464530164378e-01
5.037552959688347265e-01
5.316774487760925760e-01
4.789958157714472864e-01
4.759162506214993371e-01
5.229478850486813934e-01
5.899493969491853562e-01
4.938559925606942347e-01
5.422166947364428502e-01
5.142758155140289000e-01
5.370547934874049245e-01
5.163338951183099601e-01
4.994936258744375746e-01
4.999574608632782469e-01
4.973255160131391794e-01
5.515692909751632733e-01
5.489488687139266743e-01
5.023999355833717040e-01
5.022089969269885046e-01
4.926214241456352561e-01
4.919175908789352736e-01
5.011657199472128177e-01
4.976993744902469818e-01
4.947078633894184674e-01
4.935195827025542492e-01
5.419331839409698981e-01
4.925272449078902937e-01
4.855560500010756564e-01
4.795014569360292467e-01
4.755948243594960712e-01
4.791095890441765537e-01
4.750520636936078067e-01
4.764505356901136968e-01
4.785293518056544237e-01
4.832625298624601551e-01
4.805582510683181208e-01
5.344499146918838539e-01
5.406119296952724973e-01
5.280865620062598076e-01
5.364045864913271622e-01
5.363221478773642081e-01
5.256425368239768803e-01
5.367430348986056421e-01
5.381546336875069336e-01
5.288730025043627547e-01
5.351506625846187415e-01
5.497832761213768960e-01
5.526256656310651882e-01
5.382045070101358908e-01
5.513604886610917744e-01
5.413285782623583620e-01
5.434517196119600380e-01
5.466119320343800769e-01
5.557695110772251645e-01
5.588647713149720309e-01
5.750059491874579543e-01
5.933585733581882016e-01
6.013005420494540454e-01
6.157015498967276512e-01
5.961236093669817215e-01
6.113383753092693773e-01
6.419876597926063022e-01
5.757573027130015175e-01
5.741995052037641711e-01
6.434976870148962913e-01
6.498115259972425672e-01
6.534773323648102039e-01
6.558270874267450035e-01
6.511578597439011684e-01
6.576673716350944776e-01
6.531407222602592100e-01
6.470119774040520300e-01
6.558450378225153532e-01
6.499958864265542591e-01
6.560991481811869752e-01
6.582276607250079348e-01
6.670978963371733128e-01
6.675832613249672587e-01
6.578740149816846294e-01
6.676973078117498517e-01
6.655074626525616655e-01
6.710358435417626000e-01
6.604844060258389105e-01
6.620788183858909992e-01
6.681474542899894509e-01
6.643411555681955072e-01
6.519281105977811075e-01
6.632099690617567767e-01
6.585552118054771586e-01
6.558050771801192669e-01
6.478381277654152726e-01
6.407342740592941732e-01
6.426704170239023739e-01
6.542616064970698808e-01
6.626045420748283288e-01
6.688018818663172826e-01
6.706916842053527450e-01
6.700241653909300155e-01
6.699001032817328838e-01
6.810717380996245129e-01
6.661521809426342866e-01
6.774730051048922785e-01
6.652377522482769701e-01
6.461736858469230294e-01
6.533871388201556440e-01
6.198845146994779176e-01
6.677955137586606416e-01
6.719527534490643550e-01
6.689677329188801203e-01
6.964212837392675937e-01
7.048459058454655812e-01
7.049211440485714242e-01
7.237442856068637687e-01
7.172280679943761061e-01
7.033794249371041474e-01
7.147034699623922016e-01
6.954982053345251103e-01
7.124969445553799297e-01
7.050527339162782070e-01
6.885402485794566152e-01
7.069875901656021977e-01
6.954680750811229606e-01
7.013209776603738232e-01
7.393569536252884156e-01
7.230839565704004768e-01
7.340820617841213869e-01
7.189399632653232786e-01
7.298565908756504683e-01
7.412504441388780840e-01
7.240208889505110879e-01
7.249027997935759693e-01
7.490566536184010138e-01
7.486794173796970098e-01
7.365050844282792220e-01
7.378037821537409835e-01
7.405776455887326248e-01
7.404854111490329904e-01
7.451863794173554378e-01
7.494539572376130998e-01
7.539270961405525329e-01
7.528587732560344525e-01
7.522783102298521429e-01
7.558481601244578796e-01
7.562332255033575867e-01
7.546626922209235255e-01
7.545589501731062576e-01
