7.556559645971905326e-01
7.577816742308236542e-01
7.576340900693886438e-01
7.575214106024730221e-01
7.569238453465618743e-01
7.571948079792638620e-01
7.565050627346331380e-01
7.559178445280299030e-01
7.575371769530258037e-01
7.586024469558723116e-01
7.588446694178447860e-01
7.564343036578748958e-01
7.587822529282635120e-01
7.591916985479174595e-01
7.567999002237092432e-01
7.560413599136480700e-01
7.582462419057355296e-01
7.597434548226058570e-01
7.585651221711655623e-01
7.602662001710300821e-01
7.586903253062189378e-01
7.567689940619044542e-01
7.585413132861648089e-01
7.598910813782137064e-01
7.607809188109787568e-01
7.591448894431809258e-01
7.586866936841070164e-01
7.595722101649085012e-01
7.577585309358472188e-01
7.581443153282070302e-01
7.588751349039822847e-01
7.583548292418641479e-01
7.592286377968888722e-01
7.599396004948075767e-01
7.607214011323322200e-01
7.375607056536154227e-01
7.579750495044255132e-01
7.468232218443096038e-01
7.423815171120116130e-01
7.462283414841635043e-01
7.440045102363517238e-01
7.508925254867910848e-01
7.689821343945001386e-01
7.452877936059434383e-01
7.334580529641945290e-01
7.264917966208319644e-01
7.319355700311679369e-01
7.334877676871587315e-01
7.348501105770083308e-01
7.494043157343346362e-01
7.257798639268882024e-01
7.763126175203797219e-01
7.289534124418283190e-01
7.530690807608014792e-01
7.406328493397333901e-01
7.550289499796228876e-01
7.542468668934707576e-01
7.561382832391154718e-01
7.451048345911823745e-01
7.559782015006680789e-01
7.512159597945023970e-01
7.590673929670086473e-01
7.658692332609995379e-01
7.636626126345176235e-01
7.678926746157502814e-01
7.793960918071777266e-01
7.812137722955276864e-01
7.831908741365940507e-01
7.846648311935537912e-01
7.746226484890940123e-01
7.528868795408152348e-01
7.981233780178027537e-01
7.973123003065486492e-01
7.972144716458766656e-01
8.008204766492503790e-01
8.000498612759751049e-01
8.073843518581627077e-01
7.347404372949503104e-01
7.238603004936250418e-01
7.317618508689005541e-01
7.125820868043408751e-01
6.852660345818690768e-01
7.029207911198945835e-01
7.017835682421085242e-01
7.018897114549806915e-01
7.047961154542387030e-01
7.004921916446363861e-01
7.002084845776873623e-01
6.994067883535293184e-01
7.050738214424345784e-01
6.970025609637084951e-01
6.987833417608995124e-01
6.968990012749496366e-01
6.933287627884450188e-01
6.914334525940326603e-01
6.927199570539418483e-01
6.859020951302745583e-01
6.918411292415489466e-01
6.929738806014060781e-01
6.950705828903442907e-01
6.888495977897932665e-01
6.922832180453080131e-01
6.828933737158792150e-01
6.871020443629173302e-01
6.870868919173145350e-01
6.835956657965029937e-01
6.864517400031165950e-01
6.901154613932123372e-01
6.865834133966665087e-01
6.827534560653855111e-01
6.886899798755232727e-01
6.896455865028934262e-01
6.917171714126797433e-01
6.928463769684025664e-01
7.042410068530819967e-01
7.090337964746473709e-01
7.105883475010467132e-01
7.100773258861236004e-01
7.095063047546515955e-01
7.107181153379888983e-01
7.109021784158137125e-01
7.062408816106744425e-01
7.022296938132630562e-01
7.021199606855219599e-01
6.936364764930423865e-01
6.764300677927299610e-01
6.929188069718537069e-01
7.045334688132363077e-01
6.958379153720174459e-01
7.031202481018932193e-01
7.007132868411390936e-01
6.983580065771988199e-01
6.973031739078098257e-01
7.013559196168566157e-01
6.959868176505089599e-01
7.009184180818140986e-01
7.001891242031920148e-01
7.000436043674158615e-01
6.989307948135461412e-01
7.000095846667915289e-01
6.954112769359401813e-01
6.899378840617760300e-01
6.947511524877615363e-01
6.965890863190984383e-01
7.001457831893412864e-01
7.065970367728909851e-01
6.969302293211901977e-01
6.419368892503930502e-01
6.395510436508322627e-01
6.500480255200781210e-01
6.451202195282217389e-01
6.458075708542040383e-01
6.459826138154214359e-01
5.400696487088508801e-01
4.905578437484146570e-01
5.169495726413827486e-01
6.028951451154935803e-01
6.599569819098388690e-01
6.593441764491700940e-01
7.166091596346206849e-01
7.154795219919118932e-01
7.533770370455786791e-01
7.602079347403161158e-01
7.597275556004837727e-01
7.378513243134536825e-01
7.808364172627133559e-01
7.029320899719252447e-01
6.890059004843984702e-01
7.045237988689108111e-01
6.390545322234351122e-01
6.350088264297846230e-01
6.345702906412826749e-01
6.260535017960187076e-01
6.332831944616075237e-01
6.422565982841360599e-01
6.506316169115626824e-01
6.381863772007955182e-01
6.464078732216711476e-01
6.412972396736702496e-01
6.362670966220685953e-01
6.387527595261808244e-01
6.569596015745935436e-01
6.486637955842466940e-01
6.335144989868568555e-01
6.386934054604809230e-01
6.223201980316126480e-01
6.265683844615475007e-01
6.195608470868426698e-01
6.238517252436124316e-01
6.325881811265775534e-01
6.411556356954830616e-01
6.385462137984690978e-01
6.430429268984727553e-01
6.551784270121138176e-01
6.621013964487405534e-01
6.452598221827253733e-01
6.430649219193281807e-01
6.682301606735563393e-01
6.690246293429764624e-01
6.556911903660127550e-01
6.375326341587079781e-01
6.265102287119688196e-01
6.363768984683488839e-01
6.532438127491209112e-01
6.542469173000410310e-01
6.518719349676600494e-01
6.581384114565846932e-01
6.594384079616821825e-01
6.697298883504376743e-01
6.760715503926737480e-01
6.711981942532097012e-01
6.688662887858605188e-01
6.798021513089838042e-01
6.717016121449737032e-01
6.543455606726831242e-01
6.603935109861971409e-01
6.599268721720841224e-01
6.482445074938679719e-01
6.543225124744825871e-01
6.612080503771402551e-01
6.611181084309440958e-01
6.860289446465683838e-01
6.959053823576182296e-01
7.015365415208291155e-01
6.710388659210402285e-01
6.298285904551945702e-01
6.467052928857731642e-01
6.079740157455222338e-01
6.750875692620370572e-01
6.734856066197710822e-01
6.679699493316122449e-01
6.575021049695686237e-01
6.703145778316881298e-01
6.552271189336171808e-01
6.648745973255737463e-01
6.586440873024397291e-01
6.170137726934002975e-01
7.021217588616396332e-01
7.950017605473552740e-01
7.941522600669931320e-01
8.062628153368086581e-01
7.967310103666832566e-01
7.864190461887792249e-01
7.884095312579562087e-01
7.983393947435304394e-01
7.885952961964364238e-01
7.872946489829600880e-01
7.974000392549330796e-01
8.037840254807832041e-01
7.894483549335417072e-01
7.899112952685632960e-01
8.060557802681921347e-01
8.042281477104928911e-01
8.025642168163598100e-01
8.031210173200251656e-01
8.022553809046766293e-01
8.073005828304550269e-01
7.986601425212253025e-01
8.003054896462291623e-01
7.981835498031352172e-01
7.955726528770931116e-01
7.993475799887692634e-01
7.969817030156967075e-01
7.846822645630862070e-01
7.882148794560384086e-01
7.864785028796065225e-01
7.884405992411973596e-01
8.024007067638455615e-01
7.989787985173604223e-01
7.994988610913255078e-01
7.978036447132991205e-01
8.037091593709099202e-01
7.757765637286251348e-01
7.693500142831067867e-01
7.567000926221388868e-01
7.535864430662975177e-01
7.516144792561404442e-01
7.560272396084050106e-01
8.027963507862947434e-01
7.850841437125294364e-01
8.093132658172501603e-01
7.972196470434863569e-01
7.991122899727836071e-01
7.982873143052194864e-01
7.872649576130186233e-01
8.047574529531563714e-01
7.869042834816990517e-01
7.693291724338476856e-01
7.023824215087722811e-01
7.239847545127889861e-01
7.667888522948638208e-01
7.987915501750677549e-01
8.174759417162381636e-01
8.128850761741946984e-01
8.184086229575955329e-01
8.198153707122658451e-01
8.179210658837725578e-01
8.161833874764085062e-01
8.067724532768209000e-01
7.966256690238379123e-01
7.925440251779047873e-01
7.564675530213609278e-01
6.898162626257758889e-01
6.889723425593042849e-01
7.213531741571629352e-01
7.925405164387148149e-01
8.091844897281673665e-01
8.069975933807526092e-01
8.116500881345019014e-01
8.116560892069201172e-01
8.171459919024605112e-01
8.185833739561862998e-01
8.181037515453949416e-01
8.039676764131781228e-01
8.006239468175593288e-01
7.658560927704349819e-01
6.779318072509404880e-01
6.978660982301937432e-01
7.196659076874342142e-01
7.657074389779917611e-01
8.015978099353479047e-01
8.145669501869934326e-01
8.214976112039709122e-01
8.100935392636798849e-01
8.163676161361154149e-01
8.167009025671789768e-01
7.984686178125156575e-01
8.134991100149688847e-01
8.077452347517802833e-01
7.748694722707671900e-01
6.997945953933129015e-01
6.966004128562995890e-01
7.247922577455826465e-01
7.608973776423153534e-01
8.055799961173001345e-01
8.192162820344472962e-01
8.252773624512906858e-01
8.262128393068396415e-01
8.195299932472022153e-01
8.151476542213812460e-01
8.049188930410317022e-01
7.903990431538616690e-01
7.953284837470937507e-01
7.622312832539189786e-01
6.792718582648157311e-01
6.987070107054524915e-01
7.174527633357102863e-01
7.487665429615366630e-01
8.000702343775519809e-01
8.111618921843533059e-01
8.168992288185467077e-01
8.179948609733721510e-01
8.198460638143939549e-01
8.228300528272638470e-01
8.190769592574407287e-01
8.081928335899738469e-01
7.846593501865836151e-01
7.468908889577562382e-01
6.736608899339199263e-01
7.020295595279512080e-01
7.117644410100518737e-01
7.509046455420939070e-01
8.054398531248747606e-01
8.130583612721444808e-01
8.200175532221253283e-01
8.195655123817766619e-01
8.149868739396007866e-01
8.175455140705680801e-01
8.238268873094816147e-01
8.024116452496737883e-01
8.095258582852400409e-01
7.974370526508482993e-01
7.505830658352886653e-01
7.030967774772521883e-01
7.131429787408088972e-01
7.632291534393581545e-01
8.027491113743471240e-01
8.153812046328389185e-01
8.163064187376921632e-01
8.184567702558325220e-01
8.133564897875881217e-01
8.127286444117451936e-01
8.127173260809001931e-01
8.128052460232465526e-01
8.026376598285905883e-01
8.064296866514818474e-01
7.565672992190647372e-01
6.637201391126243966e-01
6.877730032250957137e-01
7.029741532878215349e-01
7.910654880485132878e-01
8.055505911940636921e-01
8.089175551853086121e-01
8.097491153107851947e-01
8.114001250146741784e-01
8.143415403932765528e-01
8.123302496774799097e-01
8.047297406562806676e-01
8.014693931524579096e-01
7.643019621180874301e-01
7.689361954750351114e-01
7.155054829839396779e-01
6.902377209186008056e-01
7.231932050267986245e-01
7.509823352962633480e-01
7.837102949342912295e-01
7.962398598775344283e-01
8.089722665610379337e-01
8.075867896500582566e-01
8.067724402839314690e-01
8.083529059440603959e-01
7.955628546537997225e-01
7.870812733382340776e-01
7.873296021263198607e-01
7.675852604193099671e-01
6.737044358111752285e-01
6.834509755095398154e-01
7.123723012275474664e-01
7.406966703449594513e-01
7.745840062527494796e-01
8.012710434649168434e-01
8.077718642658519022e-01
8.068865809058188843e-01
8.119975524190640170e-01
8.111554159141735054e-01
8.155909656872715185e-01
8.113963606651164451e-01
8.072507531096718703e-01
7.994719629729821753e-01
7.817652973379954906e-01
7.886167939771021596e-01
7.509640043980568835e-01
7.050560040262559003e-01
7.610364617235803042e-01
7.590783345328054876e-01
8.002699305360658766e-01
8.124573265830392632e-01
8.117888484520332515e-01
8.255844450119338429e-01
8.224046019905782989e-01
8.260648860314548925e-01
7.775068964399679539e-01
7.755970725698524415e-01
7.662683420355859143e-01
6.913290175414391614e-01
7.147962021192073578e-01
7.384660158979119426e-01
7.789921611256497291e-01
7.985618486232245461e-01
8.147346036624953936e-01
8.075115509111425727e-01
8.088266536637529480e-01
8.049517238951998666e-01
8.070274889813523478e-01
7.946723145871356087e-01
7.936221957718913034e-01
7.458280604319732499e-01
7.675023881610470999e-01
6.467258811445038003e-01
6.233149863142302127e-01
6.353882153219900797e-01
6.603535471765301645e-01
6.972460705166573236e-01
8.057139647002745653e-01
7.885700077277834064e-01
6.847556425356866594e-01
7.518788059267630386e-01
8.189154397551670073e-01
8.175046867216568813e-01
8.075422910120592102e-01
6.738574897601017355e-01
7.535651927461392008e-01
8.069796192917016997e-01
8.142091098691930373e-01
6.810708941244681958e-01
6.884148242405746521e-01
7.041489083251336600e-01
7.325996197805570986e-01
7.628115108163218139e-01
7.924033925715202598e-01
8.075281893972683367e-01
8.135552577455887890e-01
8.124058450448198299e-01
8.036561288607547704e-01
8.077216568077049130e-01
8.075644549106579806e-01
7.948225873937394548e-01
7.988382718229701807e-01
7.777622537591872831e-01
7.761871062220079276e-01
7.452703174887921334e-01
6.925224199450260576e-01
6.894464002034241812e-01
7.168918170294258374e-01
7.657755785978087593e-01
7.892843580404652615e-01
8.016352615809875237e-01
8.174243458144662133e-01
8.076535291274681283e-01
8.040702346448284077e-01
7.755870368876428556e-01
7.732409240444475529e-01
6.830803329299510729e-01
6.794184674082637265e-01
7.940691478093858668e-01
7.770562521340436124e-01
7.789024986263531902e-01
7.764235332130769995e-01
6.872192723088238475e-01
6.995924342800192708e-01
7.442760898864612118e-01
6.678430255137006721e-01
6.062130648862662508e-01
6.074048513444111341e-01
6.219917036149125167e-01
7.070734877266089402e-01
7.034874969277530310e-01
6.545558159001314547e-01
6.376510577825689197e-01
6.547573825266722602e-01
6.499816691889912512e-01
6.403480523785198830e-01
7.096161041171302752e-01
6.492671123290273405e-01
6.381436948225888139e-01
6.559774882371124383e-01
6.655348517435853983e-01
6.437952352260738476e-01
6.382982976918109008e-01
6.141824749556746843e-01
5.929312322683343295e-01
5.810264314275472852e-01
5.826023967083411303e-01
5.855991040274248771e-01
6.008224056928063161e-01
5.643861163035712725e-01
5.271252688073786441e-01
5.290893969043127809e-01
5.467502497549969753e-01
5.645408438896437620e-01
5.823225086779981741e-01
5.894045816112358782e-01
6.156719264388859081e-01
6.092046103650168298e-01
6.053326889600296745e-01
6.010500089100461185e-01
6.036477917934468529e-01
6.031772592929393051e-01
5.916301755696251607e-01
5.848078864236867513e-01
5.544525933284870645e-01
5.267092662708976469e-01
5.314568244133173192e-01
5.337429588483301179e-01
5.255316426000848917e-01
5.345932841115325074e-01
5.048026103348529636e-01
5.190553534398965052e-01
5.348385721173366525e-01
4.977420888036284130e-01
5.093525574074375672e-01
5.119366620435708004e-01
5.491767859025802334e-01
5.681567647291264622e-01
5.887068118595641941e-01
5.609087097841178871e-01
5.781538561747312510e-01
5.735234744991941636e-01
5.720845541262450373e-01
5.847469343482428750e-01
5.946088357699659266e-01
6.052989342295320707e-01
6.224651307386406263e-01
6.096353649948408338e-01
6.107777033788537313e-01
6.124864916468840681e-01
6.176941091288737917e-01
6.139037079339757508e-01
5.861643356744601352e-01
5.999410847840757066e-01
6.163980072153670831e-01
6.125989642464408913e-01
6.077861121759531304e-01
6.074081658838839104e-01
6.206024903979029395e-01
6.200939846238420206e-01
6.215631915646866457e-01
6.225826427410952046e-01
6.411847648562390978e-01
6.393680677163962045e-01
6.333628553859187438e-01
6.434277672902711798e-01
6.502793196492152594e-01
6.543021775146159458e-01
6.578260238076012456e-01
6.578697155413625319e-01
6.531352598454727154e-01
6.507372663084068920e-01
6.436995997169192574e-01
6.501749912496763706e-01
6.577211884130924613e-01
6.471637287468413602e-01
6.715319534337468310e-01
6.846246885095321755e-01
6.589488547822149878e-01
6.929407589763552089e-01
6.940431900464724135e-01
6.929699248939861222e-01
7.124190307562009439e-01
6.937305035260996622e-01
7.243986431628498535e-01
7.243371009172331343e-01
7.153804064677240504e-01
7.152230394404245351e-01
7.107799836297362672e-01
7.330130511777201985e-01
7.247118932943001912e-01
7.356643113631188280e-01
7.176510368453405952e-01
7.236035861525130786e-01
7.185699469293246322e-01
7.253607511918989115e-01
7.190630448333987790e-01
7.244737697551369981e-01
7.331577197656202749e-01
7.269891111180569743e-01
7.281574485739688019e-01
7.396201813885626697e-01
7.386416142095005855e-01
7.432362864537387370e-01
7.402692523483554998e-01
7.418126287325053081e-01
7.436498703407776745e-01
7.435781635684278745e-01
7.144659968099672520e-01
7.213065782742544840e-01
7.197373742185271261e-01
7.257820123289238090e-01
7.240013195674246393e-01
7.248402047367547008e-01
7.333562176866654791e-01
7.463194095734625444e-01
7.430462052329525058e-01
7.490351993560043775e-01
7.495182566519160705e-01
7.484763802457585768e-01
7.502815664897001247e-01
7.527526700893758527e-01
7.512544573199581022e-01
7.516096323915029132e-01
7.528575598711715333e-01
7.516139380420028271e-01
7.557899265646439435e-01
7.563638918065058725e-01
7.422162710356043913e-01
7.512082344935140377e-01
7.360775744315022351e-01
7.362069371000822260e-01
7.383645749072571540e-01
7.401886822510108654e-01
7.415490689740285024e-01
7.130001094183177068e-01
7.222261787531427668e-01
7.127146421495931250e-01
7.342198501757071227e-01
7.407190286984224326e-01
7.289528011612159686e-01
7.158005535012366138e-01
7.490158327919920200e-01
7.408820939499221048e-01
7.345515013675030236e-01
7.349865687339693920e-01
7.446017381817888747e-01
7.125637023026925032e-01
7.263654169557671736e-01
7.065557711857142209e-01
6.979802254057972943e-01
7.074174480259320941e-01
6.968021736443436032e-01
7.039257306281512250e-01
6.993995951626428287e-01
6.878294356581747815e-01
6.770398194365673250e-01
6.747341526396632982e-01
6.514784226644064757e-01
6.261672836151727095e-01
5.868871375591007133e-01
5.874119081522763963e-01
6.033223717492051108e-01
6.302861535338604160e-01
6.091903402243784571e-01
6.194360291215516012e-01
6.236205092790869653e-01
6.357986964781272565e-01
6.387260009923615423e-01
6.263766677372908376e-01
6.260392421642344551e-01
6.345445917512090306e-01
6.378912479172864636e-01
6.390439430454859515e-01
6.392914795081932056e-01
6.425186122557789981e-01
6.572495534466674671e-01
6.311652461893852983e-01
6.503874744493655102e-01
6.579401884235085429e-01
6.393784061584663059e-01
6.457615144672381735e-01
6.458283527755769304e-01
6.458964486508256275e-01
6.439416037809582161e-01
6.531209718036098399e-01
6.518249693700852720e-01
6.533219317035904306e-01
6.510098390694002424e-01
6.466516807399037559e-01
6.435674143735268249e-01
6.451458811573611563e-01
6.391925020361799437e-01
6.555932934143045010e-01
6.546836593693043937e-01
6.472342795470645838e-01
6.441576559001190860e-01
6.386726998514212772e-01
6.463021706656413290e-01
6.501808734005212198e-01
6.484582261472133791e-01
6.505336948321661650e-01
6.429557834706388642e-01
6.529045707490721551e-01
6.523593266766811727e-01
6.494559992340318555e-01
6.470711786853472480e-01
6.440401116259363290e-01
6.381830768437817270e-01
6.324372718048876241e-01
6.302314309254797298e-01
6.341216823765402077e-01
6.481741810527839043e-01
6.475250764284974370e-01
6.443907094582738138e-01
6.449177737900375629e-01
6.408981999326167633e-01
6.369675974375110794e-01
6.364278930799371903e-01
6.272039179654396168e-01
6.199409071192591991e-01
6.130820932130365275e-01
6.326838132126804126e-01
6.450971158009473072e-01
6.501352040869859961e-01
6.609730087743886928e-01
6.672476056226654961e-01
6.738859164236818966e-01
6.661653673055363267e-01
6.830799169474982557e-01
6.842198784593317429e-01
6.855601453938240386e-01
6.185020156275393699e-01
7.129220866012554447e-01
6.892376914383476771e-01
7.149295014603057608e-01
7.449373579109735966e-01
7.580964317127989460e-01
7.304710122622848356e-01
7.496402651518491167e-01
6.571276170702687880e-01
6.014566510519842035e-01
5.125376199969057245e-01
6.015899784717632093e-01
6.449826941169116701e-01
7.010782785641439530e-01
7.380526967844562858e-01
7.452815769430422010e-01
7.371292610142894386e-01
7.072986093346294023e-01
6.374640725169995470e-01
6.486235289456117048e-01
6.485001789384937654e-01
7.703431975990555625e-01
7.625691366484468325e-01
7.670862825957517339e-01
7.769091290730277821e-01
7.722374381602710169e-01
7.736531626034841569e-01
7.886404076604733859e-01
7.641548976678078642e-01
7.682446512654351745e-01
7.852880154482738684e-01
7.849516396095899129e-01
7.948964902539619182e-01
7.877145835160894727e-01
7.790325741748602706e-01
7.897701161381459611e-01
7.936369357418316950e-01
7.934337769912096494e-01
7.932865648460571961e-01
7.942055469446709370e-01
7.969302499154929942e-01
7.968049404209807118e-01
7.978644894581858882e-01
7.976238613194028826e-01
7.967963055137123884e-01
7.988936607508603238e-01
7.991882377525268977e-01
7.990826993314277260e-01
7.989838673182974027e-01
8.009005036190715021e-01
8.008735709534716696e-01
7.995239598080188248e-01
8.008295385471990713e-01
8.021439248058748195e-01
8.007124637607858642e-01
8.021589870733019101e-01
8.028942927248280403e-01
8.029723613088168843e-01
8.023289529717863022e-01
8.030222793615917620e-01
8.037900224008158734e-01
8.017384905516360405e-01
8.015885090809732327e-01
8.032822581669503137e-01
8.031832155831907238e-01
8.038360373798610903e-01
8.038696959918043561e-01
8.031192042605846959e-01
8.022050318772357969e-01
8.016505762406399560e-01
8.010848267908075027e-01
8.023560034291324916e-01
8.036968706389517880e-01
8.038271051468679484e-01
8.019466706268175704e-01
8.023903803327143702e-01
8.018667115703360659e-01
8.010291956052967288e-01
8.027499740256924810e-01
8.047526081508781237e-01
8.036468571179421483e-01
8.021671661528226860e-01
8.039172405348165018e-01
8.035562859460734231e-01
8.018228174532744390e-01
8.014848451319196432e-01
8.029594104022226286e-01
8.042209019071961951e-01
8.038256757412535203e-01
7.992558011105078686e-01
8.045376747425425634e-01
8.021069880899119875e-01
7.865189455035681565e-01
7.857341085941925707e-01
7.957931385232235311e-01
7.709095179749394511e-01
7.730785591569484527e-01
7.653643869805705213e-01
7.693308079804163091e-01
7.654443651689318839e-01
7.440275956130609769e-01
7.636565841482798600e-01
7.641104488365966230e-01
7.533813203006851644e-01
7.327900706892470639e-01
7.274691997106652597e-01
7.083402657628479204e-01
6.966471437053188831e-01
6.919921654895733187e-01
6.997881548079536440e-01
6.894948163535811192e-01
6.944834967205795184e-01
7.017441976118283797e-01
6.927200025847353171e-01
7.071436759011630047e-01
7.220618221907961765e-01
7.016820870098449126e-01
7.189233237404508703e-01
7.302338646875654593e-01
7.304639452263864685e-01
8.182108510528487422e-01
8.045230466597069752e-01
8.214660197417866794e-01
7.995589262740359082e-01
7.811320984727748717e-01
7.134431310754645317e-01
7.121032932957512829e-01
6.398765268860355793e-01
6.490069937073892348e-01
7.130130409557638993e-01
6.489816121408552574e-01
6.486457490508078516e-01
6.593231018721223968e-01
7.214223126878055448e-01
7.222383820287959777e-01
7.168027699783452444e-01
6.615654607760929062e-01
6.525660324746965779e-01
6.610597851094437427e-01
6.513623365351437489e-01
6.471246769824675615e-01
6.462135302888236676e-01
6.508918161286858517e-01
6.257781970419621365e-01
6.460294063622331606e-01
6.319336917157997169e-01
7.066617581312074625e-01
5.884246062662539245e-01
6.614282890481028021e-01
6.444064748346067795e-01
5.981361836643902530e-01
5.865875953688632904e-01
5.944971265195067023e-01
6.038444284533939221e-01
5.885850747797869431e-01
5.964424026826226077e-01
5.878677020063752812e-01
5.955859139429853233e-01
5.963430625251590067e-01
6.093534343740457659e-01
6.172203472850487094e-01
6.043313869105360059e-01
6.088032160515922664e-01
5.934218045865236046e-01
6.010526986190362075e-01
6.004023034796005520e-01
6.079003179407364010e-01
6.078615071072623888e-01
6.211252216551357286e-01
6.178090330848725609e-01
6.157086650750286383e-01
6.239047350063242625e-01
6.299207219850109229e-01
6.268492589530516579e-01
6.321591954623426712e-01
6.294739331511424174e-01
6.237649798066946527e-01
6.323841086304684556e-01
6.251385774966360387e-01
6.116049406498876850e-01
6.234046436213707132e-01
6.110075954578320090e-01
6.122166546105702878e-01
6.148949878327489849e-01
5.936742990372110285e-01
6.032913292114899795e-01
6.004542832139766473e-01
6.086027825617248421e-01
6.010666821245194136e-01
6.065849888610070906e-01
5.986281793386216687e-01
6.124911645869401955e-01
6.324877990679094175e-01
6.241022666377267214e-01
6.312124660927397324e-01
6.344710278355348843e-01
6.452654330525829929e-01
6.495066657007926292e-01
6.460348815383867294e-01
6.457192299465210894e-01
6.709097296112599418e-01
6.781848286946996485e-01
6.816820308370199477e-01
6.557467632499675014e-01
6.750612336812711334e-01
6.771680737431355901e-01
6.724024890424871170e-01
6.588243948958112384e-01
6.405374863529114116e-01
6.523766307840408452e-01
6.708229535195830984e-01
6.585705488879354252e-01
6.618065178040268837e-01
6.575277143342018737e-01
6.566600026094930875e-01
6.664445111481147599e-01
6.677794055551713459e-01
6.324590904434412852e-01
6.529925283796123026e-01
6.506201287527644261e-01
6.578211292334574800e-01
6.543734861661326674e-01
6.540039093767944234e-01
6.876379028820063244e-01
6.881318475789135469e-01
6.968502428127483217e-01
6.899123100059556535e-01
6.935514226712294894e-01
6.966142006118488661e-01
7.002444556957744259e-01
6.996367236434727355e-01
6.997509638313889058e-01
6.807243519622576677e-01
6.929883828791494338e-01
6.960740716309306020e-01
6.940166065606521162e-01
6.890899905151807170e-01
6.921208617856324796e-01
6.848432867983849093e-01
7.014329997110505532e-01
6.892402804420978413e-01
6.815016445231100173e-01
