6.886619708621712910e-01
6.689318896867363362e-01
6.717352399085345649e-01
6.619078308564223523e-01
6.458213257126408369e-01
6.632132611725930493e-01
6.737557105945038982e-01
6.597937483730612618e-01
6.408183804063133371e-01
6.587468342915508979e-01
6.851431423715621527e-01
6.801553687680857996e-01
6.540751652421407103e-01
6.285747628329514392e-01
6.537564278334991874e-01
6.513654952447486268e-01
6.829008425633615875e-01
6.939138425392458176e-01
6.939668428362670838e-01
6.586060188041973351e-01
6.430228614603521464e-01
6.451805994398057686e-01
6.433376623384315929e-01
6.307411219024874338e-01
6.439676085105425773e-01
6.435307019596996359e-01
6.376128528669874340e-01
5.811049873622251560e-01
5.605591640487910254e-01
4.353575239692901166e-01
4.122056860585343596e-01
4.120841890931528639e-01
4.177317086486389552e-01
4.586031418866935438e-01
4.567906794410492299e-01
4.728875490965774864e-01
4.685665367485402633e-01
4.812700006092189287e-01
4.895699519023510859e-01
4.793070156695671824e-01
5.025939756669014491e-01
4.747472925155358792e-01
4.556076238747504559e-01
4.749535522455066161e-01
4.634031921639729656e-01
4.712591411531199537e-01
4.670039805347469541e-01
4.693429962568049785e-01
4.607137775271775704e-01
4.414558332810310515e-01
4.605565157908708129e-01
4.737195843777708970e-01
4.763789242017613668e-01
4.778578962643908468e-01
4.789924055545337622e-01
4.900512536685864839e-01
4.865075454892091589e-01
4.939154138873816380e-01
4.794391019716451874e-01
4.993657465868703849e-01
4.995884988481332223e-01
5.177855894665234215e-01
5.442066035514856459e-01
5.334214402737688099e-01
5.293600242856469906e-01
5.281853066930130014e-01
5.408553988783670885e-01
5.443189579869613937e-01
7.328051063985103752e-01
7.929946075023532881e-01
8.007398242353875872e-01
8.044248136823878292e-01
8.024584555484357562e-01
7.181703945333999251e-01
8.100551128308174365e-01
6.463067382476885836e-01
5.907174596256605792e-01
6.180825373460695493e-01
6.246515792120612698e-01
6.634859376528040587e-01
6.900482055714303176e-01
6.849232604229054111e-01
6.802931998597576690e-01
4.436370863555341715e-01
5.414522588406955883e-01
5.480118244815433970e-01
5.400207478767239389e-01
5.453845919170995371e-01
5.492321830060379328e-01
5.545268625349879521e-01
5.465884532461340317e-01
5.541487214176258336e-01
5.492822347411524531e-01
5.710981613360905929e-01
5.497290093515909692e-01
5.607898583477129995e-01
5.815114334642547123e-01
5.951093132421365617e-01
6.007106536759706517e-01
6.127033006942762539e-01
6.123716236197280782e-01
6.287243659220397296e-01
6.312536076603211255e-01
6.254449560028192412e-01
6.387645802202156498e-01
6.197140478503713190e-01
6.386564672712853330e-01
6.499127622963442041e-01
6.428506106033599066e-01
6.509868371867101322e-01
6.250439250140348291e-01
5.761523023359753637e-01
5.652594894186876440e-01
5.673075695376316174e-01
5.607100955647132956e-01
5.533870919513057540e-01
5.537370122262043060e-01
5.632985141017727848e-01
5.990184057987659738e-01
5.743293267191690310e-01
5.810762835953465766e-01
5.879022657797481344e-01
5.967570329035278842e-01
6.266694630452110948e-01
6.051456063767177707e-01
6.301306416709132607e-01
6.267927001829487477e-01
6.382153231253786529e-01
6.490337444358547092e-01
6.234427059030577256e-01
6.526314247590488948e-01
6.524430953869347904e-01
6.498745848028687488e-01
6.455694148130702859e-01
6.277532727163459558e-01
6.397663489274193482e-01
6.405547222878434921e-01
6.469103691383233379e-01
6.470665333904398464e-01
6.450285449642485514e-01
6.533246705524202724e-01
6.550548330645752371e-01
6.602407450440023196e-01
6.585752273396112688e-01
6.541146756643069216e-01
6.499108040383333451e-01
6.486640252557823727e-01
6.450707918112382755e-01
6.511335418011073850e-01
6.449067189497369457e-01
6.538734328103235072e-01
6.542584409334812889e-01
6.655460739049465779e-01
6.657627850039827822e-01
6.681177126747617212e-01
6.632139124719174106e-01
6.669356247377753455e-01
6.629842818225195611e-01
6.581730059860557702e-01
6.621118373757184372e-01
6.505542591100687000e-01
6.575578950013505342e-01
6.538267155604459147e-01
6.589794146094868355e-01
6.634038545129332665e-01
6.630297955484337757e-01
6.616664873988340467e-01
6.725626228784407079e-01
6.705903036967429953e-01
6.679372081981267417e-01
6.616218327881397965e-01
6.667942902492182133e-01
6.737842979570026758e-01
6.822006649201094453e-01
6.896901056841167055e-01
6.839946452417376976e-01
6.841825338404728951e-01
6.826899459994799635e-01
6.817170294458541058e-01
6.866817259840254373e-01
6.867054432482485593e-01
6.915228404721319722e-01
6.939047002105342976e-01
6.934752168341842271e-01
6.906239601451816812e-01
6.885825026537418792e-01
6.881960152268665754e-01
6.872149089414766321e-01
6.857586617172647392e-01
6.928585642328674021e-01
6.941414855151829544e-01
6.865058127758261186e-01
6.784347651990885186e-01
6.571816422961009874e-01
6.676435794614681285e-01
6.357488846444337982e-01
6.505128161832272049e-01
6.673137594237741332e-01
6.635799106092472588e-01
6.608441293894884438e-01
6.369923329223640129e-01
6.228697503158253657e-01
6.172280292662702950e-01
6.501297710627947923e-01
6.629688935431546915e-01
6.759516282275730426e-01
6.725527084408621237e-01
6.381085795260964533e-01
6.309454887746965834e-01
6.243836466426110343e-01
6.135818249739124486e-01
6.202742945958896748e-01
5.999331838128213468e-01
5.799989580724286276e-01
5.684493319923246135e-01
5.805903388620424765e-01
5.754265624566602400e-01
5.759916261670455784e-01
5.677467420286202993e-01
5.697011368553561717e-01
6.397303198489167064e-01
6.379832646033511967e-01
6.306578499970212359e-01
6.270796863903751461e-01
6.282037859605746899e-01
6.395760631211040437e-01
6.362812568028163307e-01
6.402157712561649117e-01
6.444033330701502971e-01
6.440656287253210266e-01
5.672521497439098059e-01
5.700114306455662527e-01
5.719331729489667282e-01
5.913499065212224348e-01
6.021288902442201163e-01
6.062209446823859649e-01
5.995777327652487276e-01
5.610040062428252039e-01
5.654137633684627184e-01
5.701923194799802808e-01
5.672565139074003948e-01
5.677250531313773330e-01
5.810456259342335894e-01
5.876559249994743883e-01
5.801424711787563915e-01
6.059996945370058619e-01
5.879035704942034979e-01
5.848096791381919290e-01
5.983292842368612696e-01
5.940328503968437257e-01
6.076155250371407801e-01
6.070992178979188747e-01
6.101239712962629458e-01
5.976989121738190969e-01
6.121977244385073957e-01
6.136110566765820007e-01
6.013937627351132464e-01
6.113580231688782174e-01
6.251949881677176801e-01
5.928817853637220470e-01
6.227084277819749936e-01
6.068085874801384394e-01
6.093941418882116157e-01
6.199777624036670876e-01
6.054168733075744324e-01
6.120095146262791719e-01
6.006386502845417752e-01
6.108261198433160288e-01
6.347915073202810010e-01
6.359413354330532009e-01
6.244159712587146194e-01
6.322451665275786725e-01
6.237443752424656207e-01
6.224665971311885704e-01
6.422837926004467679e-01
6.295047292444704290e-01
6.346452223969306639e-01
6.252590515562086448e-01
6.332375308224469368e-01
6.325582424434770257e-01
6.176738133338870451e-01
6.273717628098633980e-01
6.237835698870451973e-01
6.166171177001681381e-01
6.149033283365035185e-01
6.069088975986746126e-01
6.081688803370882690e-01
5.893497095926261142e-01
6.047378967622530910e-01
5.969968288012637014e-01
5.959220372347966421e-01
5.914269220361884072e-01
5.927196238826144548e-01
6.082009417955273056e-01
5.852224415352781373e-01
5.513762685497429761e-01
5.602617710705953824e-01
5.480859449460095956e-01
5.348446961478730000e-01
5.207447453126011760e-01
5.068796273299647215e-01
6.111321294347317190e-01
5.850570164144366370e-01
5.493367494418496255e-01
5.556757945176407087e-01
5.438601791996295898e-01
5.257706605765202212e-01
6.030305517780295554e-01
5.423680888105945064e-01
5.636198400782400642e-01
5.713734751163728198e-01
5.912928926274517716e-01
5.470391646138448305e-01
5.242581587586225833e-01
4.748537737293221928e-01
4.758234968304643209e-01
4.704215498402520845e-01
4.814550552383627391e-01
4.272011137481479537e-01
4.099408559602633062e-01
3.662199879519098533e-01
3.765727564954419182e-01
3.960185818632669386e-01
3.906152528225905751e-01
3.903558264641549536e-01
4.265059228928042012e-01
4.227795390003807885e-01
4.505553572120963302e-01
4.624265577012659501e-01
4.758206000313592310e-01
4.827433716290397414e-01
4.740215016080123189e-01
4.626859633510677638e-01
4.629703905263928831e-01
4.543453716863295466e-01
4.593038340462359259e-01
4.573786259062789239e-01
4.572979923278279180e-01
4.596932656982520848e-01
4.524802167085963944e-01
4.522937799238135881e-01
4.581585401998236606e-01
4.631457705226308952e-01
4.607265711138561204e-01
4.651720711799116059e-01
4.578252103854973942e-01
4.517599862738101990e-01
4.452700027288429840e-01
4.530026874048244667e-01
4.494514219795291976e-01
4.544980283651287589e-01
4.487009943178652538e-01
4.543501128908173925e-01
4.514239379043001876e-01
4.498503599827175514e-01
4.552057501853232213e-01
4.631349258874879471e-01
4.627796117920942032e-01
4.584816049603839261e-01
4.525349393082191418e-01
4.567877807449262084e-01
4.540856987958475921e-01
4.535582463184752444e-01
4.497382223142461499e-01
4.472007631872154110e-01
4.533510738174211796e-01
4.537204300850936067e-01
4.513735146232000783e-01
4.557884613388091810e-01
4.487163077203250583e-01
4.617995705809526674e-01
4.535603004205326361e-01
4.604552937165807824e-01
5.287069670271069555e-01
6.319560706139349948e-01
5.820064141949061742e-01
6.269896284957615640e-01
6.560629703244534872e-01
6.689533028390799441e-01
6.865067215255081789e-01
6.576737537743938544e-01
5.852343555207559778e-01
5.540947147125809824e-01
6.114543043089900598e-01
6.371638923799244347e-01
5.880020163423880231e-01
5.404396192602297644e-01
3.944498807393315154e-01
4.581555253560106178e-01
4.593538650668238521e-01
4.653580510548823157e-01
4.681914682858221988e-01
4.669318920109915561e-01
4.612984438878840465e-01
4.508559589207010165e-01
4.568445193538700488e-01
4.528741236780529644e-01
4.612329408350795967e-01
4.661418850304702710e-01
4.788152702949211581e-01
4.820217136965913585e-01
4.852104241746821867e-01
5.001354156094828252e-01
5.024262169658307853e-01
5.091837343112103342e-01
5.246812859149183605e-01
5.131296961093871900e-01
5.066426766846001684e-01
5.135656370395017545e-01
5.223179091432519350e-01
5.269410476891610573e-01
5.193937645903431433e-01
5.072024815172290202e-01
5.068295891813577869e-01
5.217543474497997602e-01
5.425257735020178051e-01
4.875923512266835402e-01
5.094501493399737901e-01
4.682452894575886981e-01
5.779851319556055245e-01
5.657693412168802727e-01
5.398919243718668382e-01
5.199019763126265792e-01
5.077644010815528519e-01
4.496406246178394905e-01
3.558518568055151210e-01
3.375307266367425507e-01
3.121531874947091612e-01
2.916234966776615201e-01
3.135023450862835515e-01
2.827586817910219819e-01
2.744992199769984986e-01
2.791257770788345138e-01
2.706948391054429526e-01
2.768554410171338853e-01
3.255331816296715974e-01
3.627641701602782320e-01
4.012459565212100898e-01
3.999025715276973703e-01
3.921241095902190388e-01
3.872565860736018606e-01
3.869195608846856538e-01
3.887349952577096035e-01
3.844096757061168379e-01
3.949430744034667096e-01
3.872494100647047022e-01
3.946712187630557755e-01
3.952284818480111817e-01
3.978458260044098749e-01
3.822402747224266095e-01
3.862106113256060236e-01
3.774444073346358564e-01
3.759216570650945055e-01
3.704431598769213907e-01
3.802805823525383100e-01
3.907742991299633095e-01
3.895360712217169619e-01
4.072744250019530443e-01
4.074710218986693500e-01
3.988432821429768182e-01
3.825762137739769364e-01
3.578535935627600861e-01
3.738865786234503719e-01
3.530053121712188324e-01
3.447805324116401948e-01
3.426587178122105226e-01
3.398869074121414480e-01
3.297415034768660380e-01
3.361113708127696498e-01
3.299653804795757983e-01
3.209538108855178873e-01
3.343735406987593528e-01
3.303420824965178082e-01
3.236645747563079989e-01
3.444742829279854313e-01
3.468043760215260285e-01
3.923525561433907072e-01
3.583363579386776854e-01
3.290716138081554165e-01
3.279107832098058783e-01
3.093734816635959062e-01
2.880023158996277144e-01
2.946071848926679060e-01
2.904273188084330326e-01
2.724077421962441958e-01
2.951489895574592737e-01
3.306895826383188797e-01
3.688778822907616828e-01
3.792431573167320824e-01
4.112802607776434027e-01
4.526215101096696114e-01
5.395220225591718100e-01
6.067445277878655840e-01
6.473592578866232961e-01
6.128089932000923001e-01
5.657112811733402413e-01
5.349958107786614292e-01
5.468873755232646072e-01
5.646186808446757022e-01
5.728487988586961066e-01
5.810519027030188743e-01
5.898554296984951373e-01
5.906816476019191020e-01
6.016499764259320981e-01
5.963205887752878187e-01
6.087048061250122100e-01
5.879690773618716504e-01
6.093431085343150588e-01
6.268939786792158131e-01
6.290144190613891073e-01
6.202126845882185435e-01
6.060321677201180313e-01
6.055425041887467774e-01
6.423929812475439594e-01
6.331773109110472308e-01
6.140776242211301028e-01
6.505382924719731452e-01
6.281707618779555080e-01
5.956619960997852070e-01
5.921856685267530285e-01
5.693629114690701432e-01
6.165323681424197400e-01
6.274715388598478549e-01
6.305959514789458709e-01
6.028865184501267516e-01
6.114269141202530733e-01
6.087440093204645741e-01
6.477715742125911280e-01
6.316421111373644592e-01
6.404413928010934676e-01
6.328997197015201470e-01
6.180872649746066427e-01
6.268056662366748855e-01
6.212886768773746571e-01
6.136543250425049445e-01
6.058839811937473119e-01
6.075494335804292323e-01
6.074848310763716341e-01
5.951372575332289916e-01
5.881650231415136432e-01
5.830360422175778767e-01
5.795565251758753034e-01
5.600152415678804063e-01
5.570416453421552783e-01
5.528105190745431496e-01
5.506846582701385717e-01
5.316629390229792307e-01
5.472255595029180686e-01
5.574554510703011445e-01
5.696041049436444403e-01
5.829412948731127475e-01
5.990447903788147510e-01
5.992100857440472161e-01
5.884779983072183640e-01
6.027387113934850049e-01
6.052015019077330304e-01
5.936079339095099439e-01
5.965056151352018388e-01
6.098940790397221479e-01
6.065450508375818117e-01
6.112998571404586468e-01
6.116701537717147419e-01
6.143005660834750525e-01
6.248227262678927030e-01
6.237806883669032576e-01
6.233134453118898133e-01
6.131723247845950464e-01
6.214149009746980923e-01
6.160063833421451918e-01
6.267791760374458176e-01
6.418680047432153701e-01
6.426199513638888305e-01
6.345886134323297512e-01
6.328079036357111553e-01
6.344052770328563184e-01
6.369413972606372543e-01
6.245960127417691243e-01
6.181265557399231447e-01
6.252233487562863790e-01
6.399963254121823208e-01
6.306980323088073881e-01
6.400913342439418230e-01
6.225887942218362170e-01
6.138131364786146849e-01
6.120570434189912534e-01
6.034841473028970116e-01
6.282414792561210604e-01
6.042719108334524414e-01
5.296399061302728972e-01
5.481397210958588451e-01
5.346549125780485356e-01
4.985500611565155116e-01
4.914004523814978209e-01
5.652733116695746185e-01
5.834992676232426678e-01
5.946959100532687170e-01
6.379874576833972633e-01
6.159170485401798123e-01
6.237653327833213579e-01
6.244813224476315483e-01
6.523605716234707197e-01
6.325032007907881448e-01
6.552564213351698141e-01
6.460805399078347611e-01
6.337969645335533864e-01
6.303421045388084565e-01
6.300099174740694252e-01
6.396273516484989319e-01
6.245803897501271962e-01
6.410564427805823806e-01
6.248846383987451958e-01
6.183690725829985579e-01
5.995105464960355235e-01
6.045596813769341660e-01
6.160269790520660482e-01
6.314909261441968846e-01
6.314813344731806666e-01
6.421888461209723786e-01
6.352438488129732441e-01
6.043880228169276059e-01
5.936859619704347724e-01
6.216115988622799016e-01
6.089557304314792141e-01
6.168473024412028938e-01
6.116029980198034455e-01
6.130214309172541398e-01
6.424680279434746843e-01
6.528431840615670501e-01
6.311573560521620552e-01
6.321287196533139641e-01
6.520669452028896584e-01
6.239727657839683195e-01
6.533938450908611806e-01
5.340975828330959407e-01
5.384385491398140378e-01
5.198356800588449511e-01
5.293517812369665787e-01
5.060750312096884418e-01
5.287030172790455618e-01
5.163711172863730825e-01
5.674514698657465717e-01
6.105846618181047791e-01
6.060173112256719286e-01
6.116527198831961387e-01
6.293553998044716380e-01
6.225622841507228999e-01
6.290971400808746949e-01
6.252013906774392948e-01
6.337129471482885190e-01
6.329936998759577715e-01
6.521034926533085807e-01
6.523844656213959592e-01
6.574449360100916850e-01
6.523438470659658206e-01
6.716870960929329781e-01
6.604991894719857148e-01
6.688153451713778619e-01
6.797740468333741681e-01
6.647367758294273621e-01
6.706789630392520074e-01
6.578930933016279292e-01
6.524473782576662995e-01
6.638898529263530524e-01
6.607465324550994001e-01
6.552041345060464206e-01
6.497563582406955529e-01
6.526615947948906094e-01
6.427825361596334330e-01
6.391049900980981802e-01
6.498000916207665734e-01
6.556755686643584990e-01
6.410837883812734450e-01
6.227566650334820375e-01
6.258080707782996965e-01
6.235329240735889567e-01
6.259464457327004183e-01
6.402457498263853797e-01
6.300830604536927781e-01
4.624853314703081253e-01
5.178227873883978205e-01
5.153270659398782039e-01
3.830014541916836879e-01
4.012765216467552021e-01
3.595382453991468052e-01
5.091993528235542188e-01
6.187405238764290827e-01
6.152928449117258669e-01
5.676463413455460350e-01
6.039936201912752267e-01
6.354580347273335317e-01
5.681448770486137168e-01
6.301596033103268324e-01
6.391631163050844888e-01
6.125741282278980293e-01
6.397369116047391113e-01
6.421529950360247430e-01
6.314314596817580671e-01
6.076270782501945744e-01
5.968140807842411411e-01
5.729127579219557287e-01
5.694726187477913149e-01
5.889545555695546719e-01
5.789473323341354227e-01
5.575328962967140978e-01
5.543822373201457987e-01
5.616743389301592781e-01
5.664248871381752926e-01
5.693578378854410316e-01
5.700655926606106316e-01
5.737385023569890885e-01
6.388194778507274574e-01
6.439609938597247174e-01
5.821928224198711366e-01
5.236777918134303267e-01
6.894945032682207042e-01
7.129574714438003946e-01
7.316800740112791024e-01
7.447517891848657312e-01
7.510332130679260310e-01
7.545705181212051249e-01
7.600586419651986780e-01
6.687405573962410532e-01
6.791602385323292079e-01
6.780939801855198068e-01
6.780209387796866105e-01
6.657126706183028597e-01
6.586257149797204447e-01
6.596216438644082469e-01
6.545139056499478247e-01
6.503131506243170490e-01
6.440030744332386758e-01
6.456805078527275699e-01
6.438124794312898302e-01
6.413357122217233641e-01
6.303634702479639085e-01
6.374966432271484962e-01
6.575598337844932306e-01
7.734477601092786259e-01
7.698312899968032808e-01
6.670589028631798145e-01
6.692117471110352600e-01
6.759433660605366212e-01
6.743980501441637632e-01
7.047709029641888723e-01
6.178485091535151907e-01
6.211963321633735546e-01
5.597191494959645741e-01
5.640383591597926127e-01
5.842541912218881528e-01
4.793408401221322390e-01
4.927310570514027988e-01
5.331763169470260522e-01
5.403210882927863556e-01
5.571892322810934051e-01
5.861984916818113733e-01
5.841045481131348360e-01
5.493013549218340730e-01
5.266320974021745371e-01
5.285920989147534499e-01
5.377623312101686981e-01
4.848281020064458269e-01
4.965629131763861781e-01
4.509493875957575337e-01
4.545176565319851147e-01
4.578209810015612113e-01
4.531455916284571894e-01
4.331118773820833989e-01
4.328362043508586776e-01
4.270685128236242356e-01
4.458688811278436748e-01
4.364873883965174062e-01
4.424583742464018310e-01
4.490371327511925581e-01
4.494694667047237080e-01
4.505796122650891911e-01
4.842663127635385423e-01
4.449989809673744467e-01
4.866270545425745997e-01
4.542128162772443023e-01
4.533669216366162935e-01
5.011898212795690144e-01
4.630490448702773709e-01
4.580505263456274290e-01
4.669860851693367620e-01
4.774113160600491068e-01
4.735217335200879174e-01
4.695728028928957687e-01
4.728475895968211606e-01
4.781330999808822146e-01
4.635340626909070783e-01
4.700622444638118957e-01
4.671304905176905664e-01
4.725586691723325239e-01
4.702315097492941742e-01
4.754449697566854316e-01
4.792098648667581506e-01
4.767892623437817723e-01
4.896865246431614804e-01
4.861356742386302443e-01
4.852977811744077496e-01
5.408604604750012479e-01
5.304651518377689889e-01
4.919741678776503035e-01
4.924772962356402384e-01
4.799351297704714803e-01
4.963339773946220945e-01
4.941631937766903793e-01
5.341672283391081244e-01
5.275873826764407859e-01
4.861447140061858629e-01
5.259742407005263409e-01
4.851762245594453127e-01
4.920895155629760320e-01
5.431741748065127551e-01
5.017079887021209661e-01
5.059835245441732798e-01
5.043432133232740311e-01
5.066042266409890305e-01
5.196747159569504726e-01
5.015258776869001567e-01
4.882280639895912877e-01
4.879228072307021935e-01
4.764305410903938998e-01
4.573394956511728782e-01
4.649885400682808867e-01
4.654402116589875238e-01
5.192394225480378989e-01
5.176213150009503217e-01
5.138483637892038436e-01
5.004164759661937634e-01
5.455805267795921232e-01
5.211097682693773825e-01
5.503054426755187301e-01
5.351207052019870680e-01
5.968852199656673463e-01
5.894626625953615084e-01
6.016758935667627650e-01
6.103769263529051914e-01
5.983350769442148387e-01
6.052527283808023517e-01
6.194885575582135262e-01
5.897330842379731042e-01
5.925640181623900160e-01
6.047025718486032098e-01
6.047504091143172111e-01
5.874527333151163822e-01
5.708872510131778322e-01
5.792464281605097520e-01
5.779083953463723944e-01
5.757902286855642870e-01
5.877293561163643432e-01
5.771931606997855457e-01
5.707259453828833484e-01
5.560370828026044432e-01
5.582198826403635961e-01
5.611786545670564008e-01
5.605996697401050000e-01
5.639648466931129756e-01
5.543683793926053038e-01
5.607453492280752849e-01
5.758683848943252359e-01
5.980282604622382259e-01
5.638201556810148452e-01
5.510993703974034208e-01
5.402154634403283362e-01
5.422704486071158181e-01
5.522235077667956293e-01
5.694609238138137464e-01
5.653494845547870629e-01
5.683777615234826275e-01
5.617972232518061437e-01
5.564816104103091909e-01
5.707941928819054711e-01
5.475265074172869229e-01
5.492873483424809411e-01
5.568566398088358183e-01
5.566246555591956025e-01
5.776851379303630241e-01
5.656488818221515613e-01
5.596959543307667984e-01
5.618069133405801940e-01
5.661636891960960538e-01
5.435312714667606127e-01
5.460344751897677762e-01
5.426484391971424515e-01
5.433510133569013911e-01
5.495544060306412071e-01
5.510934961629545548e-01
5.505705223462847853e-01
5.506977963277669419e-01
5.730021349331896330e-01
5.619133383755121613e-01
5.484467117228994937e-01
5.564351619810451455e-01
5.559905512992379117e-01
5.619594687458915327e-01
5.530581044905430455e-01
5.576869186821601376e-01
5.230642254456525642e-01
5.072333461308283775e-01
5.035633975896388614e-01
4.854518073813986478e-01
4.842710774682443264e-01
4.800799046277763882e-01
4.935593215479744944e-01
5.099554662175698194e-01
5.208395463352126775e-01
5.440223304892287670e-01
5.501912252425374961e-01
5.511064818440500890e-01
5.566335823360035739e-01
5.278101386658824445e-01
5.348057816629476768e-01
5.336971477056625668e-01
5.326098141014566911e-01
5.356939558728766038e-01
5.351293145634496984e-01
5.329273346037651793e-01
5.406657429784768043e-01
5.543788378706145936e-01
5.443655538188688636e-01
5.414329963221367059e-01
5.446495066108927308e-01
5.437349705670765365e-01
5.606476432328391102e-01
5.504412532635154509e-01
5.459012138104369916e-01
5.414649068829470169e-01
5.502625148905818664e-01
5.557398562507737116e-01
5.657004527005398131e-01
5.680836840282024180e-01
5.507621226710091022e-01
5.547133138637960759e-01
5.528104796516249975e-01
5.495912162782373711e-01
5.599964341774609222e-01
5.521480706352207557e-01
5.610471793910064564e-01
5.681876651136132939e-01
5.633004034606741151e-01
5.447583005256042554e-01
5.449560513868757505e-01
5.473335728408849077e-01
5.478187435840508046e-01
5.478204900280929657e-01
5.527960215744909256e-01
5.553387204092732343e-01
5.462190842329517348e-01
5.686011999921087856e-01
5.732807798332631988e-01
5.856191434613373659e-01
5.654266837894106335e-01
5.573152991206797857e-01
5.882273923409878646e-01
6.413655997437572864e-01
5.837405302928061479e-01
5.786830482032299106e-01
6.092744441610700168e-01
6.109428974139294866e-01
6.508845692691725970e-01
6.529358693127187419e-01
6.549488104557170676e-01
6.450245210734362189e-01
6.222873394086375631e-01
6.215266148479732244e-01
6.113953796162256982e-01
5.414272595247703324e-01
5.258688580235151289e-01
5.055223560575607955e-01
5.190615902088606681e-01
5.196693211004095314e-01
4.418761001528146992e-01
4.644003544890402679e-01
3.894660970295515390e-01
3.874570444095337129e-01
3.959033796156701257e-01
4.021456459706991282e-01
3.890404295787214251e-01
3.299377832091873741e-01
2.888268214951671964e-01
2.515343516648245736e-01
2.445759844702286023e-01
6.315890131001883345e-01
6.035657682419228731e-01
6.625773618674984933e-01
6.177024847560479426e-01
5.057438471078358200e-01
4.434923736811506312e-01
4.737725971405140069e-01
5.015762666582179730e-01
5.253114962342336769e-01
5.638304810519478849e-01
5.418121617143688562e-01
5.769014269884444879e-01
5.098659741364923725e-01
5.258454436202061322e-01
5.621139263134810049e-01
5.679950246375521372e-01
3.876428965162970752e-01
