4.002169618187155220e-01
4.190594504427867517e-01
4.097151629384578331e-01
4.288254339814687732e-01
4.189146632976984419e-01
3.965954359564523024e-01
4.040308438852095452e-01
3.968181306973785349e-01
3.881272378976135529e-01
3.828504066981852083e-01
3.921734420698791412e-01
3.900772431025486542e-01
3.958213660158296787e-01
4.032685964636037457e-01
3.894149371079668187e-01
3.935963114904800220e-01
3.710207116377258196e-01
3.772417831993590820e-01
3.826728717416771897e-01
3.904534408284898728e-01
3.944441283851193303e-01
4.135817553420418347e-01
4.055281612550866166e-01
4.038864993418410099e-01
4.168535813648534538e-01
4.014206037201334398e-01
3.576252193679158031e-01
3.795196544416292173e-01
3.593873611113312383e-01
3.525921062984290755e-01
3.430530285274094315e-01
3.350826733505022359e-01
3.315592901032967665e-01
3.275315005400752932e-01
3.258452555491667679e-01
3.324237989063632548e-01
3.263217449209260823e-01
3.305137855674458169e-01
3.557768368370974876e-01
3.477967305032678147e-01
3.459783815392377671e-01
3.852453753400905123e-01
3.633231688750864219e-01
3.388228831202759195e-01
3.222292212141132373e-01
3.079384972519116914e-01
2.944967653116132844e-01
3.032294717122650529e-01
2.943393284725847603e-01
2.802215433483238871e-01
3.699035222599983408e-01
3.883108853957897288e-01
3.927873435633098542e-01
4.266730487029694596e-01
4.753236673713301386e-01
5.200700185511355489e-01
5.645401698031727866e-01
6.296189792048683120e-01
6.496931422195421080e-01
6.276137726580812704e-01
5.842957859506558993e-01
5.379409124421736799e-01
5.590929467898630989e-01
5.751422582096009650e-01
5.823983798068921303e-01
5.673734566488231046e-01
5.702340449944520717e-01
5.903991098653598169e-01
5.950709041534476551e-01
5.975424100015797046e-01
5.948812109446456331e-01
5.938970321409667852e-01
5.937262417465477560e-01
5.924170181857294493e-01
5.883568032894209709e-01
5.882143289310285406e-01
5.896457435352858711e-01
5.986627555422412428e-01
6.034062843789900210e-01
6.000692464191688114e-01
5.974033288750708603e-01
5.956354960085722405e-01
5.998932279775405219e-01
6.069501599874139730e-01
6.186780163206437866e-01
6.183729243643122375e-01
6.150940320478417433e-01
6.130224454191941508e-01
6.115964769831856440e-01
6.099394395846847727e-01
6.142458290185697223e-01
6.141625180253565963e-01
5.970843091936602898e-01
6.145418196316627668e-01
6.059665357067911540e-01
6.097790697867134790e-01
6.186506385192446222e-01
6.189688697963324771e-01
6.189435237456777372e-01
6.209394702371242580e-01
6.220651031654320651e-01
6.277812724755372775e-01
6.270068908605551661e-01
6.168430899171426507e-01
6.247584039924115595e-01
6.190038590590425382e-01
6.145974049400321215e-01
6.219086412333237890e-01
6.422105966415954104e-01
6.435533376155222474e-01
6.353537971670621953e-01
6.470392842713671433e-01
6.398602446107334307e-01
6.387356828934871444e-01
6.199779557587439260e-01
6.163730664006146220e-01
6.256640014060645960e-01
6.007114367846826397e-01
5.570173775110490721e-01
5.782503964357681436e-01
5.712888547642414050e-01
5.849981302576281461e-01
6.169588746311467364e-01
6.199722499457582803e-01
5.916101661173194248e-01
5.950943654893139367e-01
6.122594403961971743e-01
5.969276659834362730e-01
6.202992287160846718e-01
6.161145180007588928e-01
6.098635350737510175e-01
6.342736375016715389e-01
6.112667058893757055e-01
5.945351634177088451e-01
5.993090260962223859e-01
5.972627666378383937e-01
5.902001665468892266e-01
5.891380647269686133e-01
5.939442780176105163e-01
5.901276261938616097e-01
6.044880808829327101e-01
5.983585061172881359e-01
5.911273171800279780e-01
5.801501565670778016e-01
5.804537638846624104e-01
5.769557639929894233e-01
5.733058355012221607e-01
5.739736212239873181e-01
5.646601359636478357e-01
5.688987678898485001e-01
5.575826634994752729e-01
5.592153422095524906e-01
5.663029547392991470e-01
5.718948822605594007e-01
5.786454209580409458e-01
5.836405042835239865e-01
5.841846668072807613e-01
5.875603574766937731e-01
5.921196183869362750e-01
6.044428209724244105e-01
5.952134697547897257e-01
5.948933606921643635e-01
5.939331807283481091e-01
6.020801203741873442e-01
6.056218502487519251e-01
5.939271208117623546e-01
6.081553248938320611e-01
6.079226834716584538e-01
6.148081921712519327e-01
6.244600921589127385e-01
6.261513562786816811e-01
6.243469568203725562e-01
6.185259763872112959e-01
6.307173706817603698e-01
6.131752627778069842e-01
6.159907503835027054e-01
6.224689485284670143e-01
6.272668799293852349e-01
6.310728559342884125e-01
6.337235486838246334e-01
6.327716355566521678e-01
6.350464448983228483e-01
6.315761649568278902e-01
6.208722840103224616e-01
6.226545519601466294e-01
6.215790353467055551e-01
6.336570668892301805e-01
6.443395714110692341e-01
6.188588961955933110e-01
6.342055942187848627e-01
6.241827048136687761e-01
6.288402974787526967e-01
6.222319388266448481e-01
6.114471353657859876e-01
5.475267710829782031e-01
5.484305153041894032e-01
5.280400886354253975e-01
4.952600035776291709e-01
5.009180013626775008e-01
5.630417753692635863e-01
5.793349918386470065e-01
5.873093106500050231e-01
5.960072974779317967e-01
5.789524741816797215e-01
6.038293658585228707e-01
6.233298754376930262e-01
6.266157987225255965e-01
6.198912429938874258e-01
6.350930628378952392e-01
6.269514497379541362e-01
6.424199617943667784e-01
6.289498457170419332e-01
6.309429447497748589e-01
6.169692978252373505e-01
6.221176278743605348e-01
6.098666293979839725e-01
6.037465066295122362e-01
5.974760330588573254e-01
6.155346282370827149e-01
6.231429830557732030e-01
6.120469395800685053e-01
6.346288670906391483e-01
6.316738164681224843e-01
6.205765111521857058e-01
6.112806548613678448e-01
6.230932417863246364e-01
6.234484187457519644e-01
6.173966946971023440e-01
6.315407337053809966e-01
6.260212577024879543e-01
6.346705191538070112e-01
6.196724338366910168e-01
6.167323405428770666e-01
6.239791972318302626e-01
6.274466736792755350e-01
6.221284032951819309e-01
6.179180060030114996e-01
6.236828350245513519e-01
6.372754402252580608e-01
6.271330319207452098e-01
6.374397257615643797e-01
6.325881437871437862e-01
6.426564092752711232e-01
6.462331060416032225e-01
6.303724189820179014e-01
6.487638568572048348e-01
6.287424558115943807e-01
6.334818400574010466e-01
6.192256079878285524e-01
6.202136066482091259e-01
6.124408452280931670e-01
6.351770165251497957e-01
6.176369838042976568e-01
6.324069410901704824e-01
6.314057228512616193e-01
6.246840181260827629e-01
6.281300972516020709e-01
6.434988682743856270e-01
6.428770014171123481e-01
6.243297077224304603e-01
6.154066992306259642e-01
6.253064264963446028e-01
6.210520407534279030e-01
6.311343410403766896e-01
6.208057423224349058e-01
6.257155214653955522e-01
6.499442170915754602e-01
6.341517615641466543e-01
6.268654042507166846e-01
6.164983753277977208e-01
6.248145510611631259e-01
6.298760130557599091e-01
6.109729389245026621e-01
6.459610932812009931e-01
6.362249980787759718e-01
6.384661086550723619e-01
6.164886340793550579e-01
6.256362415290896983e-01
6.265599265163284137e-01
6.236005846421700527e-01
6.269718897166937088e-01
6.065170701155896404e-01
6.126186885772639812e-01
6.478846048994770790e-01
6.275592195397245998e-01
6.214026939196408694e-01
6.169442780761964507e-01
6.292816357566946017e-01
2.899500338661847310e-01
3.793645495970230375e-01
3.353112524927098215e-01
3.125002722718163151e-01
5.814741798259479566e-01
6.084608210315264332e-01
6.352896658714295430e-01
5.611569295398395329e-01
6.022357037416556924e-01
5.634252443746111672e-01
6.246036060037075677e-01
6.203441199793211513e-01
6.168498397434717395e-01
6.430234197564587140e-01
6.216583248870121148e-01
6.458296105258072295e-01
6.532697352297552884e-01
6.387962288708606273e-01
6.307229699913184939e-01
6.290771560253024530e-01
6.403275980284151014e-01
6.501075254133019676e-01
6.434572888892451381e-01
6.417355265072001158e-01
6.583836301181151818e-01
6.353384369063651560e-01
6.486421433674534054e-01
6.344870035410061782e-01
6.120196366515534558e-01
6.114022051170205918e-01
5.277020601275519418e-01
5.419065489374188527e-01
5.058975042716353787e-01
5.057569491488537183e-01
5.277233491072182980e-01
5.136764984464130546e-01
5.431273306704988979e-01
5.723335650826023580e-01
6.012782768498218244e-01
6.083915739278156209e-01
6.176683101544580001e-01
6.217151919441182839e-01
6.172996137264655792e-01
6.181860470284294973e-01
6.070611791914232169e-01
6.339025122400450130e-01
6.297506940773077710e-01
6.289026098093953854e-01
6.350164915474031391e-01
6.475601285386386463e-01
6.489940157852447378e-01
6.640297737923962496e-01
6.419948995666349134e-01
6.485363160170684038e-01
6.577242766834703325e-01
6.706106905902915472e-01
6.472150696539752390e-01
6.458241356110662190e-01
6.475963361922588701e-01
6.455894043147157868e-01
6.416186245177371017e-01
6.574252411856840173e-01
6.587840430453709706e-01
6.569322758286312292e-01
6.533217144095220252e-01
6.388588284347855861e-01
6.473478080026682235e-01
6.358417358468754221e-01
6.209980103117016537e-01
6.056009977862472082e-01
6.264124695288751932e-01
6.184125325936540296e-01
6.272226521739681093e-01
6.261916202146756705e-01
6.270083569539485202e-01
6.314498220750695001e-01
6.329105180200949032e-01
6.107619587172126163e-01
6.257645507608512458e-01
5.713585272120946801e-01
5.575984720198080558e-01
5.489771479311187363e-01
5.494620069675385521e-01
5.289303894317715082e-01
5.438360057992748242e-01
5.526910331046290814e-01
5.665446798867401768e-01
5.603927526003416038e-01
5.682885306857570207e-01
6.395179930252383738e-01
6.062036245004234214e-01
6.483637873299691323e-01
6.382262467907199310e-01
5.185831693609918025e-01
6.935869342417104733e-01
7.166681717119454120e-01
6.196447973435615930e-01
7.438650345151467391e-01
7.660013633277600320e-01
6.593292910555051956e-01
6.556813412953118592e-01
7.819286837028088799e-01
6.763790113379509750e-01
6.831501659316712161e-01
6.918557302199058734e-01
6.809287500804274140e-01
6.773412558418777651e-01
6.642805228961629060e-01
6.724848479161650294e-01
7.856707002342003809e-01
7.928159783323974752e-01
7.916276588738714315e-01
7.905891184121447424e-01
7.903350015943128026e-01
7.947413324151962888e-01
7.954917414467658210e-01
7.973691869334981197e-01
7.992176258570178327e-01
7.835897257455403109e-01
7.830488394769549165e-01
7.566200259041910847e-01
7.310650927809834165e-01
7.490598640948525899e-01
7.693830866254917078e-01
6.532742225955739945e-01
6.618109042046124157e-01
6.647417826887334069e-01
6.832239617544122456e-01
7.140335711290817233e-01
6.168183984138795317e-01
6.224848100123938632e-01
6.121826591233090475e-01
5.545962735084071227e-01
6.029555324485518231e-01
5.462319105945974140e-01
5.034195068719735655e-01
5.754727505553719480e-01
5.892723254514408149e-01
6.080568386197883202e-01
6.161991013692312835e-01
6.077193741588540199e-01
6.016542353629980022e-01
5.753598039206136994e-01
5.711417827715362661e-01
5.752776158414348862e-01
5.780049906413965433e-01
5.753671714491644940e-01
5.764003855723512926e-01
5.899827276435148926e-01
5.633724953728427298e-01
4.909730491936151187e-01
4.926154529598027465e-01
4.084636618245576778e-01
4.415918359277976046e-01
4.068537883054731963e-01
4.139552693440697317e-01
4.686664631122885449e-01
4.224385809953608018e-01
4.209250355431726764e-01
4.140903870943957177e-01
4.359762961163664019e-01
4.478510681397024906e-01
4.257867784677920597e-01
4.224755951506144469e-01
4.245122121313357755e-01
4.328471447401339156e-01
4.455846255071762019e-01
4.504917319774184303e-01
4.197893445965246717e-01
4.063918293492676526e-01
4.091574300044331092e-01
4.133943784006459121e-01
4.134459672394164009e-01
4.208027262104903077e-01
4.174135040947845599e-01
4.256985895557641175e-01
4.185264633193713224e-01
4.201234621107453049e-01
4.241534615968192701e-01
4.185056941733617530e-01
4.175855984512887864e-01
4.135756788044941956e-01
4.100245836028141855e-01
4.173923234067542509e-01
4.167123209364353986e-01
4.149804030412154732e-01
4.134778151338089347e-01
4.225549865772293967e-01
4.142430078578177022e-01
4.149063374806954418e-01
4.166208619925595991e-01
4.085933880707796617e-01
4.076137238709089949e-01
4.057697791380577290e-01
4.036817855119050891e-01
3.960441281495879484e-01
3.925275626283379338e-01
3.906275952104598659e-01
3.967912494634083242e-01
4.058842480226992344e-01
4.022982093215576316e-01
4.055596058771783752e-01
3.983315067532611775e-01
4.002008170442372115e-01
4.048425927525438062e-01
4.098053058282817851e-01
4.188774937446584912e-01
4.049850186469192148e-01
3.982617090591438203e-01
4.055566958715850490e-01
4.403020923351377847e-01
4.510470969504483119e-01
4.602983891652650539e-01
4.778828284313814678e-01
4.644611488708216274e-01
4.825080804662635336e-01
4.728336744415632675e-01
4.772231847994754528e-01
4.737889530870216248e-01
4.772775504559668147e-01
4.758447171529642805e-01
4.788443170143018013e-01
4.682641114870467192e-01
4.750018157105911354e-01
4.780941702662073745e-01
4.789331158334872440e-01
4.874240645335785049e-01
4.866875487078128337e-01
4.772058219964707138e-01
4.691371822278927461e-01
4.708841373778705486e-01
4.662716810490938890e-01
4.596948832600120660e-01
4.584518001939596465e-01
4.304943541932340079e-01
4.051773750090638671e-01
3.840409794012356604e-01
3.880986507432710453e-01
3.943435485163315213e-01
3.671270789335032148e-01
3.411134925238105686e-01
3.475423732776128372e-01
3.504729725397658924e-01
3.456554251541164025e-01
3.454941925788573287e-01
3.517143559188516400e-01
3.445687213829478623e-01
3.470003479804277813e-01
3.501769212339436166e-01
3.509387177433317961e-01
3.451992645545964300e-01
3.456426188459513771e-01
3.866146581315680897e-01
4.343895135005203523e-01
4.599085890262234466e-01
4.453556038534371431e-01
4.722338398920167268e-01
4.952850547470948883e-01
4.973863435807968636e-01
4.923385387387105294e-01
4.976539711127652144e-01
4.924037675604182596e-01
4.900706848178074670e-01
4.858011770791479944e-01
4.899935143304351981e-01
4.914488714375773171e-01
4.890253766799613211e-01
4.905862570942007284e-01
4.848171324807976634e-01
4.823304230874531640e-01
4.818214705673053988e-01
4.785281575419251254e-01
4.766151599215995294e-01
4.683399773757548346e-01
4.683133701878569033e-01
4.629476296183168693e-01
4.631882075266967047e-01
4.532393094675436496e-01
4.506868375378085267e-01
4.453389567049317876e-01
4.509826944480048172e-01
4.496769049266056140e-01
4.481419486332086644e-01
4.924883171058992426e-01
4.498704778793742864e-01
5.002867776717531134e-01
4.563586181941760578e-01
4.611597076277506591e-01
5.042082742192628420e-01
5.005573939667915528e-01
4.523464985438057639e-01
4.446729952085220483e-01
4.499571571253877522e-01
5.491426573032763825e-01
4.489481079777357664e-01
4.512964337385389491e-01
4.557753765381777900e-01
4.679355109761266229e-01
4.751390945314948877e-01
4.655809269209287282e-01
4.662428064135613059e-01
4.616049173932657568e-01
5.109099627920111741e-01
4.783360531647504188e-01
4.805017454675228339e-01
6.134360509064744615e-01
5.283903948565512598e-01
6.484796384319785334e-01
6.387192867440211197e-01
5.293963449754760520e-01
7.739662047065628547e-01
7.940409752959576295e-01
4.996315398093914562e-01
4.094088613993125958e-01
4.137234694079275354e-01
4.127567621808845844e-01
3.954961576111488131e-01
4.815079026565151632e-01
3.973598804311324617e-01
4.348923922762562011e-01
4.792678807573734767e-01
5.352311839019505690e-01
4.734250150911425425e-01
4.878274811349665452e-01
4.852308279762526655e-01
4.703065966632736794e-01
4.791457078068306341e-01
4.807597849491276332e-01
4.845066264874950956e-01
4.830003333635223828e-01
4.798242556919461443e-01
5.260534046665623631e-01
5.195010975437026612e-01
5.393219369961551601e-01
5.398787048450306436e-01
5.320363655238159462e-01
5.215095732116339367e-01
5.092809036329281058e-01
5.006253802660139973e-01
5.189626766816601844e-01
5.224417363692370753e-01
5.304924545666093172e-01
5.299357867423524215e-01
5.842656014487054295e-01
5.684324517228938056e-01
5.522136564301561856e-01
5.707829363208448692e-01
5.847964101043190421e-01
5.956833467208827448e-01
5.842885112091519284e-01
5.908620797766364063e-01
6.549409651884203765e-01
6.525791510367785486e-01
6.487796303935414732e-01
6.426833912854621467e-01
6.374819617882965250e-01
6.805489034438096940e-01
6.164051085548100106e-01
6.059213276162337403e-01
6.191630243953982760e-01
6.215502014503183625e-01
7.031700321089220385e-01
5.520147303922495752e-01
5.026294584111933306e-01
5.677102446334135744e-01
5.214139753447003534e-01
5.336314822030385763e-01
5.200851190710040761e-01
5.176574631795545223e-01
5.243180087756650343e-01
5.240015792947785300e-01
5.244708213799132990e-01
5.860673301340904029e-01
5.427813222126638415e-01
4.912202111749887634e-01
5.394802981594964963e-01
4.978463074213652639e-01
5.423205607337168166e-01
5.384240138539942988e-01
5.936553417177501402e-01
5.412965297688313582e-01
5.356955940653557180e-01
5.380141220505625377e-01
5.373822923390393358e-01
5.422197724605112290e-01
5.883427831277983078e-01
5.902411307007729979e-01
5.354919350085867169e-01
5.381894357896990222e-01
5.398720402916964423e-01
5.401635658731204215e-01
5.394270832099441471e-01
5.434344588758945882e-01
6.009228812507549922e-01
5.467916130900438709e-01
6.081425801880715465e-01
5.538004070519754185e-01
5.476984631129016012e-01
5.914841234089742716e-01
5.308429909959959669e-01
5.932430933915202598e-01
5.992637818836884511e-01
5.951970633852462500e-01
5.926664997355006737e-01
5.940492916413886437e-01
5.916119633133301026e-01
5.372917805243595524e-01
5.371761849645450004e-01
5.357528288555715168e-01
5.871970505926906725e-01
5.901297472549805745e-01
5.932813899672242375e-01
5.382742573315515422e-01
5.943786149009082642e-01
5.386615803057028806e-01
5.397999318262427515e-01
5.402102112264182132e-01
5.427941425106602713e-01
5.997465310680911710e-01
5.423044819627445001e-01
5.385444301131292466e-01
5.383019795291684728e-01
5.369869183034269300e-01
5.359833513512110015e-01
5.343994623324844762e-01
5.319494219696302428e-01
5.271697764188961743e-01
5.292092101136504079e-01
5.331534865126588141e-01
5.299717467684467165e-01
5.332100314056569257e-01
5.362266357873832767e-01
5.393575081369285096e-01
5.395338562445026742e-01
5.412869076997991469e-01
5.386036316022635440e-01
4.876487374131270314e-01
5.315829772215004967e-01
5.170099592819213941e-01
5.289055943378175861e-01
4.824155415570358652e-01
4.838923375407539473e-01
5.369788599521917449e-01
4.891808369435868831e-01
4.884562728486134264e-01
4.941357114134033446e-01
5.369194669084831339e-01
5.353264866918520104e-01
5.286290851102918298e-01
5.311618916771885246e-01
5.420655791635141663e-01
5.372373876724545472e-01
5.442565849313119042e-01
5.395010609536962098e-01
5.361911609422923553e-01
5.392810441020249312e-01
4.684949537372460893e-01
4.463329088672734479e-01
4.646067081873131444e-01
4.478869793643678321e-01
5.109382477540751477e-01
5.285475989863206436e-01
4.858736707640030072e-01
4.872044915565889034e-01
4.764839663230183153e-01
4.620813004668573587e-01
4.281413137065905317e-01
4.255363580691478020e-01
4.143210368880094752e-01
4.532036671364623737e-01
4.916166348762800453e-01
4.698233551153769838e-01
4.890112816589049505e-01
4.732377225794200948e-01
5.153133658440282039e-01
5.062833957730025203e-01
5.061480633888113534e-01
5.296121256438129921e-01
5.324705847678975479e-01
5.257678889782441134e-01
5.200128944843112055e-01
5.246571927716819905e-01
5.220318526331430009e-01
5.185411978563786439e-01
5.209602307084332251e-01
5.204815744680870715e-01
5.274861848449188262e-01
5.334345276420373594e-01
5.256530942900718983e-01
5.270019150297999833e-01
5.265284256546811648e-01
5.241854010197275482e-01
5.229370629151733896e-01
5.194381459354495689e-01
5.245474177259279447e-01
5.244452367685964456e-01
5.282180477602373969e-01
5.376170415319466711e-01
5.355519939048311029e-01
5.351155764409394333e-01
5.311693113240355535e-01
5.414453743398447427e-01
5.441324533730198532e-01
5.421431114113605121e-01
5.404259374519153614e-01
5.406022819448863537e-01
5.407118801357641003e-01
5.384449433425926301e-01
5.422344575162646452e-01
5.449126449861656507e-01
5.406307660032666496e-01
5.367098545238390139e-01
5.356615425595623314e-01
5.326492467741054115e-01
5.325561458980084817e-01
5.285086713508744261e-01
5.273395032226310120e-01
5.218735431775587408e-01
5.230015960140946829e-01
5.066933837212700409e-01
5.026007619673301674e-01
4.949061059496298598e-01
4.927215052145518803e-01
4.916993760112301493e-01
4.932477721893553935e-01
4.873089566657609617e-01
4.348224704844479427e-01
4.316411110441473187e-01
4.154602204909971785e-01
3.940381918496766445e-01
3.830783003845377177e-01
3.787869522687890567e-01
3.582870642713495424e-01
3.553199925422585448e-01
3.461333984981314615e-01
3.327063297037686218e-01
3.212122367555679259e-01
3.125108790443828499e-01
3.211915313575011699e-01
3.279312704597965866e-01
3.232071620327647832e-01
3.151699835792031723e-01
3.726337488108366069e-01
3.520153248119691769e-01
3.180481954889374796e-01
3.548893778154457168e-01
3.349910930193272796e-01
3.380938734691216196e-01
3.388107459775554497e-01
3.448174167058876138e-01
3.741831088320160537e-01
3.686813311243162805e-01
3.776804967360818388e-01
3.833166888779823700e-01
3.765335986342013275e-01
3.580563422306309862e-01
3.530435963144915590e-01
3.460399201554256177e-01
4.283696632181950292e-01
4.442521012617395848e-01
4.436862595870533776e-01
4.605232381071102110e-01
4.963269480724850635e-01
5.021980217366097676e-01
4.803451468693458737e-01
4.670648121742231318e-01
4.390478827532018902e-01
4.307767482764696676e-01
4.325960453786473203e-01
4.301378985270150612e-01
4.357530507296238365e-01
4.345000714784039153e-01
4.468240455302945335e-01
4.415978586838607556e-01
4.303440349193823344e-01
4.418523407067788678e-01
4.469907207294913642e-01
4.447350059616100304e-01
4.605118465737159661e-01
4.716903499415589507e-01
5.028970739562463876e-01
4.964899230177650113e-01
4.916329741128384057e-01
4.928076188076487285e-01
4.956239516641126053e-01
4.811925251703585982e-01
4.667997062264930275e-01
4.604289807262332279e-01
4.768984335796684904e-01
4.758976857808792094e-01
4.796371717288165359e-01
4.789188386001243525e-01
4.792396629656078821e-01
4.736442440722526404e-01
4.786074797033332828e-01
4.875510137696302260e-01
4.653592912501060552e-01
4.624841985890990048e-01
4.583062333410886091e-01
5.166295278218320242e-01
5.211973034327972432e-01
5.222220649864535158e-01
5.229501634406700239e-01
5.306570682595325161e-01
5.338711916267183666e-01
5.362003706092753896e-01
5.244986452517023112e-01
5.444493712925486673e-01
5.539474403224081689e-01
5.504367319652021528e-01
4.849074280361481137e-01
4.950813259009277378e-01
6.234143887395242611e-01
5.328497429312105682e-01
5.341568780715401088e-01
5.386587048780209219e-01
5.378256179979131746e-01
5.178817787199747613e-01
4.489389465325734907e-01
4.973780238410249188e-01
5.264684141267914619e-01
5.387336223177773276e-01
4.878848158601250540e-01
3.212492960950587562e-01
4.595181772045918156e-01
4.420397548339977667e-01
5.478660306937368496e-01
5.517181723669886129e-01
5.589743973565055590e-01
5.587932166435360948e-01
5.718377823410623062e-01
5.752778254846090400e-01
5.724433567735210948e-01
5.764589084456970269e-01
5.839245578295301220e-01
5.836093534861901411e-01
6.416522930206930431e-01
6.330625809650014535e-01
6.421895806827219166e-01
6.415995022678996351e-01
6.440066907347944403e-01
6.417476700809758849e-01
6.403499162642413145e-01
5.423740719917257147e-01
6.891652112325513668e-01
6.754722645734128061e-01
7.090181316401157341e-01
6.914717652176729512e-01
6.882311158255585148e-01
6.960538514011154199e-01
6.885587187121166020e-01
6.927731739462540395e-01
6.767970550507149685e-01
6.901600714865162578e-01
7.016555772235455457e-01
7.113821015563304151e-01
7.252379685040809543e-01
7.284170423755423895e-01
6.986890238990625113e-01
7.125423674312069133e-01
7.362887862879523571e-01
7.213131458976420607e-01
6.864712989704404578e-01
6.018096992689890845e-01
5.926878827472183975e-01
5.875526935062883593e-01
5.926247624556285620e-01
5.237297879005826662e-01
5.200892898996477554e-01
4.919709003857123397e-01
5.056765907133103921e-01
5.061555070832559622e-01
4.896587939941804413e-01
4.726342574730595381e-01
4.587003626540762657e-01
4.593381212688353310e-01
4.343933205373758932e-01
4.153812997361172599e-01
4.068576572955282522e-01
3.614251899986483663e-01
3.402131022212880884e-01
2.904868655304955749e-01
2.737449791884918326e-01
2.714428674865884128e-01
2.682966395118430158e-01
2.693067996814400566e-01
2.732856634644203475e-01
2.663696128625809845e-01
2.713654885002255157e-01
2.678066603490427133e-01
2.638383249027888566e-01
2.784412929687815064e-01
3.009415299712664971e-01
3.196848420292625614e-01
4.238321349424670759e-01
4.263655755121754654e-01
4.321421209550734277e-01
4.186657763592537829e-01
4.097332662171370155e-01
4.025466343993583385e-01
3.963611099310307972e-01
4.007897481038867338e-01
3.998392164892828893e-01
4.139653406262095992e-01
4.216017573611378633e-01
4.233101763362783210e-01
4.228376020378134537e-01
4.126900200798551133e-01
4.182842615881055548e-01
4.132499787895910215e-01
4.008959499166541707e-01
4.121786642188843830e-01
