4.131803396168727827e-01
4.227774805522712676e-01
4.289136803030723644e-01
4.297773862993006233e-01
4.507345355269699594e-01
4.644173236225435097e-01
4.420293678716404884e-01
4.375140435849378950e-01
4.435749665622196192e-01
4.410160502818840089e-01
4.455167964542255388e-01
4.460662896312272419e-01
4.235874207267628089e-01
4.177044304304159406e-01
3.903520711206253102e-01
3.909280532097467731e-01
4.020367162949561868e-01
3.864648400973959008e-01
3.798595856076062427e-01
3.939231390751330997e-01
4.203737067743610334e-01
4.173673188616590646e-01
4.285236673091051829e-01
4.598143490883462858e-01
4.132494996249664321e-01
3.913177608375503214e-01
3.618948927914056868e-01
3.820738166713593120e-01
3.833572683076876819e-01
3.652966522549985773e-01
3.645391954231851916e-01
3.897961692425455649e-01
4.232306967278128829e-01
4.525546150261259837e-01
4.660754448463541588e-01
5.666278050623722029e-01
6.328128043209957365e-01
7.101296366984040098e-01
6.914521824537305239e-01
7.067167547067769728e-01
7.067033042983675850e-01
7.022773776880251173e-01
7.261578943024007415e-01
6.990512810838562796e-01
6.819957934113627385e-01
6.806942324958675794e-01
6.675591974754445657e-01
6.967460224083721343e-01
6.955224780229334325e-01
7.045646307464603630e-01
7.022174686559531365e-01
7.021259161033320817e-01
6.959456974659944395e-01
6.905856814044315506e-01
6.904246053446593256e-01
6.925335646049701754e-01
6.826518499059028855e-01
6.742061620444042003e-01
6.824354023168373029e-01
6.923078926487596929e-01
6.933775301526534651e-01
6.967869885034281285e-01
6.961775611879557069e-01
7.013500036427000595e-01
7.001977405489209216e-01
7.000280535635833301e-01
6.958409938786169757e-01
6.893656543518343893e-01
6.911088698326816049e-01
6.831913184612106171e-01
6.894857504525362391e-01
6.876940505708593054e-01
6.869832311539012526e-01
6.870106512793688891e-01
6.744577276416175993e-01
6.729988367695159956e-01
6.835130805971129098e-01
6.798296367581214694e-01
6.865507157834040974e-01
6.942540728071995293e-01
6.922659726783536582e-01
6.919625677645701023e-01
6.820425572511422674e-01
6.586903930993531775e-01
6.618001465789054016e-01
6.719377677889153411e-01
6.823244399025497620e-01
6.852268388508716557e-01
6.947193122366484008e-01
6.965391993749695532e-01
6.876948405960441324e-01
6.871660384489242102e-01
6.892487082814133803e-01
6.963345269249890945e-01
7.014432752781487590e-01
7.056587426325438006e-01
7.013130234865968538e-01
6.975749214157430655e-01
6.987860368633348473e-01
6.959573896240895952e-01
6.974343868836101468e-01
7.051681688570189399e-01
7.050520296022863009e-01
7.030403104491169675e-01
6.985964224230897246e-01
6.952709547658347811e-01
6.688674292928367127e-01
6.616443119752557500e-01
6.562638359262683574e-01
6.955062241088347808e-01
6.988478317274054996e-01
7.094509249411631302e-01
6.952923546512073116e-01
6.870769764622991493e-01
6.457944519055258681e-01
6.574468518447064147e-01
6.514314925050419536e-01
6.831911560594031707e-01
6.948358453725211881e-01
6.876053043322680747e-01
6.847148220561127818e-01
6.811334729000217969e-01
6.768549248064710255e-01
6.776860849257009267e-01
6.800015511151384917e-01
6.797689556314466808e-01
6.792445558444742959e-01
6.800250536161166481e-01
6.826577587211318798e-01
6.787627480681714953e-01
6.764467187346666632e-01
6.735934737011308737e-01
6.776124092322909354e-01
6.767214979792177676e-01
6.824151715673927310e-01
6.788816637728138925e-01
6.741575871842643286e-01
6.727576287129918287e-01
6.715232365069405684e-01
6.742584428710085565e-01
6.682609205237806105e-01
6.738794414890730833e-01
6.788720486678319066e-01
6.844533838878584797e-01
6.841401803767304113e-01
6.631622081830403914e-01
6.595259050869702877e-01
6.814788381595212607e-01
6.663227368368547232e-01
6.617321671003555394e-01
6.689411995283142121e-01
6.533744490603280441e-01
6.537361212950881795e-01
6.465091065330990094e-01
6.395355448683976984e-01
6.362962499453654885e-01
6.387666931336272169e-01
6.485005666969808624e-01
6.315287605777716307e-01
6.534648555964801542e-01
6.796679055437553352e-01
6.744837798444793808e-01
6.480656866489595824e-01
6.299750848823317817e-01
6.142264107909679582e-01
6.343388340347153598e-01
6.142399716773178087e-01
6.081095565609760945e-01
6.342713218955979837e-01
6.092645000912640940e-01
6.368126959070348203e-01
6.660680918470122114e-01
6.430750314395884404e-01
6.701357122238638109e-01
6.197658762952107381e-01
6.292223709399000775e-01
6.257196218713245717e-01
6.312860394946711029e-01
6.307426059264835683e-01
6.260854464055689572e-01
6.302366372148625606e-01
6.322581824060403699e-01
6.459074915650272475e-01
6.333001071603858723e-01
6.284079658950573188e-01
6.239420338924830389e-01
6.202897527707535996e-01
6.119918947897796668e-01
6.060473545632069081e-01
6.056871081337241725e-01
6.016669795091319495e-01
5.986161883225926683e-01
6.013435941092415415e-01
6.044585696384836560e-01
5.981113383550447082e-01
5.907310864247821147e-01
5.917975087963848191e-01
5.983059658383178547e-01
6.026028743545396305e-01
6.283000909315042959e-01
6.093552334757261768e-01
6.162092825541838348e-01
6.215952022775494967e-01
5.433979439401699363e-01
6.166640907649738601e-01
7.243716351963908062e-01
4.331919468239178173e-01
3.693029503201751274e-01
4.128001902284405555e-01
4.004262437213801928e-01
4.559373134641274694e-01
7.012302417273956756e-01
6.941423615391804081e-01
6.524555754428501553e-01
7.033424745287280011e-01
6.920870102676918156e-01
6.836896568996693180e-01
6.558442355658218315e-01
6.211452478320003134e-01
6.227924386682937019e-01
6.107548145354686486e-01
6.231165706508143831e-01
6.093894418562608717e-01
6.088637097878163429e-01
6.218986297356550175e-01
6.254886785266901006e-01
6.207638020461264672e-01
6.254877935381398801e-01
6.210935302093243404e-01
6.287356128501074837e-01
6.427934705322392306e-01
6.467345867119913549e-01
6.429390893519280059e-01
6.333974839851426175e-01
6.265079061761966717e-01
6.254874781641908132e-01
6.436915544934422861e-01
6.652525758913433451e-01
6.689351733522552745e-01
6.542427421493154371e-01
6.592916337757911416e-01
6.511033049202451517e-01
6.510071764629069557e-01
6.469677972218459416e-01
6.401980125139312694e-01
6.571455730378621407e-01
6.550625847032388593e-01
6.821078386945764738e-01
6.787693754007589897e-01
6.553347782584857395e-01
6.574200100433953420e-01
6.447454861910797419e-01
6.380278822347186241e-01
6.502179735163368113e-01
6.356659418132669659e-01
5.442090804854384789e-01
5.572674733165021710e-01
5.256934251368611255e-01
5.122642622974595827e-01
5.762654862257067245e-01
5.999986870290083818e-01
6.131872914014054876e-01
6.329382207143849914e-01
6.717243663883057936e-01
6.660633522056994549e-01
6.564167353303634878e-01
6.867808345595294295e-01
6.879222147476123927e-01
6.756121092279133711e-01
6.959699204529172789e-01
6.967074106169959258e-01
6.917104220908026901e-01
6.934120743356751992e-01
6.960761043928279657e-01
6.911622991229862123e-01
6.731669973934368834e-01
6.856672584785473701e-01
6.961196318142032213e-01
7.145968630350235662e-01
6.930732655050834135e-01
6.823740286099480024e-01
6.869672128318853321e-01
6.948686151884706508e-01
7.078135020639400032e-01
7.066527138920114526e-01
6.934663010208940159e-01
7.044661104241390914e-01
7.012067920657414355e-01
6.976854057519547014e-01
6.932586007090129065e-01
7.028825150835715796e-01
7.017854502822715723e-01
7.041215614033010661e-01
7.038348810111320075e-01
6.974603660601274013e-01
6.960750241226001389e-01
6.973107175824156956e-01
6.992291993883664736e-01
6.936877177204356926e-01
7.025769627340485712e-01
6.958444299067700900e-01
7.032489020945756897e-01
7.024964739621739618e-01
6.995519126034464019e-01
6.991942721586917875e-01
6.965569764560357591e-01
7.126361136957408693e-01
6.951048167382162246e-01
7.131535716794948909e-01
7.107711394479311329e-01
7.064545008024586403e-01
6.824442969576629547e-01
6.895278316540520702e-01
7.014622437595684490e-01
7.084088430147139626e-01
6.786424251274458808e-01
6.776149591158859842e-01
6.800794644819690982e-01
6.934248969166042498e-01
7.218785200164790083e-01
7.165188469734667942e-01
6.952985916402635302e-01
6.908519678088202998e-01
6.850090956026918532e-01
6.812360862807769202e-01
6.671960051606503628e-01
6.882778455806540796e-01
6.790055470504956503e-01
7.065118643082003436e-01
7.017894143326884882e-01
6.800199702490647979e-01
5.941385040094954162e-01
5.898278544170609816e-01
6.059039347503527573e-01
5.737571550056571601e-01
6.218262441064966728e-01
6.356079657985806985e-01
5.823334460857507722e-01
6.513362093368668670e-01
6.552627406747681960e-01
6.623548539693693282e-01
6.604507525256717582e-01
6.542851002530309934e-01
6.589070221910399150e-01
6.585132476928673428e-01
6.635248365679279337e-01
6.610509836317943755e-01
6.704158848376724489e-01
6.671420993698182755e-01
6.874968084617721908e-01
6.701217595403481386e-01
6.916378574804663559e-01
6.923232897633588845e-01
7.013668726868582670e-01
7.052474981898063655e-01
7.145055767193042584e-01
7.060215995382778109e-01
7.122054285232966020e-01
6.969348176541341200e-01
6.919004677016162841e-01
6.954939971210675198e-01
6.968469795535437994e-01
6.824451027979834272e-01
6.936962862998935497e-01
6.900333317009303968e-01
6.861889025119669583e-01
6.858134561442825738e-01
6.788888400019361669e-01
6.592082080196293159e-01
6.671672735057508907e-01
6.584607545163833064e-01
6.649917368554739694e-01
6.493246472367596445e-01
6.588721275202739092e-01
6.580096708216636170e-01
6.735454427602058924e-01
6.790215211761767566e-01
6.699833164469030100e-01
6.912147530997144740e-01
6.599217424950969413e-01
6.541406531632509846e-01
6.267911703716577687e-01
6.067373521612106080e-01
6.061580716589712869e-01
6.118111652444139237e-01
6.076277820672043584e-01
5.815790744403834811e-01
5.633611992281462033e-01
5.587698303409464051e-01
5.610002279404274761e-01
5.907930663307715546e-01
6.417724346481863407e-01
6.685249699720755556e-01
6.654443998207713040e-01
6.354844566234782999e-01
6.552642860456611151e-01
5.629569876225914982e-01
6.622957611746657092e-01
6.708757251652980313e-01
7.635240134478352703e-01
7.855655029862237404e-01
6.768883519480951572e-01
6.803967184631181109e-01
6.868804383528731572e-01
6.849524103956053933e-01
6.994226210018240630e-01
7.055378595321101232e-01
8.094059388976786451e-01
8.046085886258241837e-01
8.112128345146779607e-01
8.149954242045720498e-01
8.188030548815677934e-01
8.116850350576072515e-01
8.094884863246143425e-01
8.012388420289874302e-01
8.053691565272075303e-01
8.016950625268872699e-01
8.032390633771794297e-01
8.063166010704442277e-01
8.042021113322461723e-01
8.024047244590346573e-01
7.980871699033734723e-01
7.927495787806358996e-01
7.963978908967558334e-01
8.015318142871791229e-01
8.009352494172258252e-01
7.995549460513237117e-01
8.007573406999651811e-01
8.016642272997503982e-01
8.019760000020835777e-01
7.904125052961603615e-01
7.921814939473912354e-01
6.911832521831525744e-01
7.113837826452243940e-01
7.080440261293736715e-01
7.265595672339143496e-01
6.340028118411840108e-01
6.405162279718935592e-01
5.659979857562960071e-01
5.655535313752966253e-01
5.077689659234214670e-01
5.273571360197618629e-01
5.736525215757184437e-01
6.085701880352548665e-01
6.051481627897357107e-01
6.241539532408360014e-01
6.204281399074340619e-01
6.044633087468583854e-01
6.047955885675411203e-01
5.990366908487249065e-01
5.876901324574322905e-01
5.935279944698103050e-01
6.124568374103075419e-01
6.065156494212186056e-01
6.149646310597524090e-01
6.137763491331870158e-01
5.238460399087833119e-01
4.404289790793511905e-01
4.484051565135564466e-01
5.080538145501389824e-01
4.677925508949992150e-01
4.732959063056704774e-01
4.688438383197106596e-01
4.500587856777524820e-01
4.609698127128009637e-01
4.675865409175464227e-01
4.672525126815668117e-01
4.739533637367177032e-01
4.722488668802915512e-01
4.772929689079017379e-01
4.667801571661429061e-01
4.676202160342664005e-01
4.769125683460333498e-01
4.760943536478635107e-01
4.437422184305226391e-01
4.721444825102542597e-01
4.376367036829193480e-01
4.398608480785550778e-01
4.355729623760234426e-01
4.378296476619298883e-01
4.437610973253405255e-01
4.479350986119454703e-01
4.455558573591775207e-01
4.434613235090409944e-01
4.413165568114673643e-01
4.393282380677940857e-01
4.311606952746553367e-01
4.372201488047922080e-01
4.363393342966473409e-01
4.348720062335246772e-01
4.331251841633812494e-01
4.427786448508462258e-01
4.466081799598957680e-01
4.361794044769402023e-01
4.472244107181151951e-01
4.328166281083857814e-01
4.363049230494118191e-01
4.335271291561237361e-01
4.295383190753998548e-01
4.221253074132818028e-01
4.267459314940589277e-01
4.181374532041588488e-01
4.301243736386051175e-01
4.227173244610265002e-01
4.161361814202235720e-01
4.285110310930295707e-01
4.312158326299819211e-01
4.265176233754079949e-01
6.162525366616818934e-01
6.245419659815614200e-01
6.370696885168032342e-01
7.085431082729283236e-01
7.005393651505162911e-01
7.100735734087437745e-01
7.103883556740041572e-01
6.369681572269491054e-01
7.060885835058741122e-01
6.543247762117194721e-01
5.630472615005407411e-01
6.954788029625310619e-01
7.952407302509305609e-01
5.582526087142273274e-01
5.513025346845360497e-01
5.435737408800014325e-01
4.270790715854396180e-01
4.335297165843133294e-01
4.265200356584848418e-01
4.243029747449970634e-01
4.220128010105441141e-01
4.423974882051210922e-01
4.387363177152966975e-01
4.199525632199789804e-01
4.361945116787118160e-01
4.444543556054091904e-01
4.493600894695693460e-01
4.538828622896950993e-01
4.732134998498285228e-01
4.870609552882087523e-01
4.739639972890563602e-01
4.751905202117113203e-01
4.923438089199874135e-01
4.931365684860182230e-01
4.907954585238129552e-01
4.948639102271692458e-01
4.946326091019406235e-01
5.020991533252314731e-01
4.929065942976194603e-01
4.979725067400977978e-01
5.054996359084433788e-01
5.067388542547227592e-01
4.927540514448530140e-01
4.762192306817340515e-01
4.740985929108194608e-01
4.760615883211901100e-01
4.784564358252857974e-01
4.712346514681839404e-01
4.672486340809771099e-01
4.507186709396726054e-01
4.028635117782291553e-01
3.923128012881179072e-01
4.016312385113884886e-01
4.462843049571230125e-01
4.068179360582184767e-01
3.896223591359996297e-01
3.941258973254745945e-01
3.905639120102891715e-01
3.801402340592909823e-01
3.764807130911239086e-01
3.838060189826837387e-01
3.847766868394536521e-01
3.855376569133543985e-01
3.812228257368816542e-01
3.793151042582341703e-01
3.797183430842936969e-01
3.949267006232425326e-01
4.562804861759372499e-01
4.676384794164104020e-01
5.024131603781685218e-01
5.243578244644280240e-01
5.310483504546464895e-01
5.408186616193840779e-01
5.442350397668667128e-01
5.507586698569435502e-01
5.478862902176163674e-01
5.480107036413215393e-01
5.469231666233528300e-01
5.429351092729318706e-01
5.437454978781226522e-01
5.397828529433232880e-01
5.382191903887370010e-01
5.400006663347893809e-01
5.381789692592149343e-01
5.391900968568132946e-01
5.429418398058992734e-01
5.370332324515458833e-01
5.383959218132212676e-01
5.397008267506301360e-01
5.369476669041882699e-01
5.377244723350069755e-01
5.280752439146962907e-01
5.272508555646280293e-01
5.257962392952276742e-01
5.254812786922347101e-01
5.199250124570358178e-01
5.246761931183395733e-01
5.248828186070755297e-01
5.303317118130972396e-01
5.278062820862422511e-01
5.817141245213230949e-01
5.276981068640319572e-01
5.308872713321615144e-01
5.383241874336834876e-01
5.381370898438331274e-01
5.367849726897477858e-01
5.329566957506024494e-01
5.294287029734702221e-01
5.908797506712123448e-01
5.355066753003373536e-01
5.783059217368743399e-01
5.353437579020191572e-01
5.345537451219247727e-01
5.948763460834639583e-01
5.358330753870477192e-01
5.447560720537188983e-01
5.377342190584373238e-01
5.453732816144024609e-01
6.026679258424469943e-01
5.372755144723749821e-01
5.406158417352155965e-01
5.305508921044896908e-01
5.907685791422736532e-01
5.295562677656844297e-01
5.259696165775147314e-01
5.222365772104335946e-01
5.059609608398620839e-01
5.078221474741222430e-01
5.209470180019413199e-01
5.241671728194946533e-01
5.332894409536037550e-01
5.301493199271751777e-01
5.293978933915850504e-01
5.756563090809216909e-01
5.830765013394941798e-01
5.735110108826105835e-01
5.736250706177131731e-01
5.601222938901440074e-01
5.719356093721618128e-01
5.875920810009214179e-01
5.820908312362936821e-01
5.987201996653209735e-01
5.960859885182818729e-01
5.857542524274829132e-01
6.504065558113121259e-01
6.655270123492879053e-01
6.458077654366747300e-01
6.404514452039514749e-01
6.280803275778428230e-01
6.367364297305866394e-01
6.359926796942662053e-01
6.168973460080370286e-01
6.742015559453644613e-01
6.611167679723556345e-01
6.468369286396342677e-01
6.598450579363803747e-01
6.614588647432092516e-01
5.964925244387218051e-01
6.129932623975500317e-01
6.900405311023189991e-01
6.926964847828456229e-01
7.044834787526477182e-01
7.205871609229836938e-01
5.287432899960845534e-01
5.343848566652970034e-01
5.028159350409578954e-01
5.638971128544834066e-01
5.622178278807939966e-01
5.117318143315653378e-01
5.577085931735757951e-01
5.642538106247350083e-01
6.208014661995512329e-01
5.627662634609679193e-01
5.646102756855095883e-01
5.639202094425201928e-01
5.765843382227593406e-01
5.718619083053916308e-01
5.685742569522685974e-01
5.675599113146567731e-01
5.660868523135735852e-01
5.635834926996732275e-01
5.649396682310185991e-01
5.650004344411686530e-01
5.615923254773332873e-01
5.597303346522705114e-01
5.601297154442393955e-01
5.640113198021275975e-01
5.607283123322643892e-01
6.186174735750795683e-01
5.596844875768781646e-01
5.635289938207114213e-01
5.680338701943491442e-01
5.636797562548571117e-01
5.627695058942682182e-01
5.663126237935274254e-01
5.647422082735489290e-01
5.703570318103708958e-01
5.683841756651992760e-01
5.672677671354812157e-01
5.682427789387562989e-01
5.667226095691966226e-01
6.141377595625272523e-01
6.243342193154023390e-01
6.170563891941952539e-01
6.174378860856293283e-01
6.190351754904677151e-01
5.585171781913276234e-01
5.579089716369961538e-01
5.544089671438504618e-01
5.557205818234763894e-01
6.142392395067102218e-01
6.154059524383458379e-01
6.213941130643263477e-01
5.622927618660030769e-01
6.198271742734231537e-01
5.611556018281835811e-01
5.632807680911021686e-01
5.625337071164273617e-01
5.642711521521041051e-01
6.186331781025066201e-01
5.640168014857830370e-01
6.225193287530308428e-01
5.609871622791728907e-01
5.627305559618053232e-01
5.628841632126785344e-01
5.619085349180183986e-01
5.614250559862969947e-01
5.559174882919365457e-01
5.558745997794353189e-01
5.619194813269946520e-01
5.560925041580181416e-01
5.557097028973089214e-01
5.602932903661358433e-01
5.547786475811480322e-01
5.571320487301008040e-01
5.498694855727163100e-01
5.513214147376696017e-01
5.425767931802518707e-01
5.350345557795042062e-01
5.386136208239806766e-01
5.390921959664999319e-01
4.949204798830409424e-01
5.027555941087573643e-01
5.549005130347823833e-01
5.085127275181681172e-01
5.124456041856368937e-01
5.217309000316139311e-01
5.252741514925914901e-01
5.712866391327996451e-01
5.702610696607011143e-01
5.663577091515169526e-01
5.704031614380155046e-01
5.714251140271426888e-01
5.759115416345034211e-01
5.783688595276067490e-01
5.755737260837924252e-01
5.158718802628935451e-01
5.364497940272816567e-01
4.821907376519154464e-01
4.487210991151992512e-01
4.598232147325824193e-01
4.774843093963638263e-01
5.552981125180251887e-01
5.080350375551966335e-01
5.047689212821550031e-01
5.507817912609674904e-01
4.933096240545228883e-01
4.740763880184847845e-01
4.698975326618784476e-01
5.114448932670417891e-01
5.604439648243551009e-01
5.286964862172114366e-01
5.357776396550556486e-01
5.380542008527204878e-01
5.304239261786963811e-01
5.345740613399060370e-01
5.493066883122433852e-01
5.523430559635431614e-01
5.519904041667932360e-01
5.529153705330784874e-01
5.525228648252528130e-01
5.572879887832768997e-01
5.519410504128149375e-01
5.539851926254448777e-01
5.560470669671347954e-01
5.596129707113636220e-01
5.535280071701009774e-01
5.537331919230288335e-01
5.513880051300308338e-01
5.573974744716008178e-01
5.547678207765159852e-01
5.533537042498378744e-01
5.518336809006629817e-01
5.473509202598887402e-01
5.433809127983272314e-01
5.424235741740054406e-01
5.383856164675527856e-01
5.357668351400474149e-01
5.315935239003150015e-01
5.301389946501866568e-01
5.336629691623225868e-01
5.336919915104941792e-01
5.336912639746022036e-01
5.361272729170590834e-01
5.404964753735902461e-01
4.324559239244751274e-01
4.976353799270420986e-01
4.261875907455967560e-01
4.429869314603843700e-01
5.425154917835967039e-01
5.342713371439394843e-01
5.405588855979566176e-01
5.873431628967538121e-01
6.006553483962053797e-01
5.587814022469670405e-01
5.637951701529535509e-01
6.221677612862620554e-01
5.646409268547099014e-01
5.025408835314065792e-01
5.718764622684999743e-01
5.109704074943177687e-01
5.534167173640130999e-01
5.475566240079590141e-01
5.383939584011268042e-01
3.772184887872908621e-01
3.859526750721656851e-01
5.268614770109919521e-01
5.160186181773052105e-01
4.851233294724371370e-01
5.672216678127987022e-01
6.887193966538207590e-01
5.552094015118019810e-01
5.583193156953094594e-01
5.637792687007120440e-01
5.601336083218355633e-01
5.600369467295627235e-01
5.577936453165940334e-01
5.617739016208831426e-01
5.600725833317247160e-01
5.595651971189495866e-01
5.623112017745830471e-01
5.582234918124239220e-01
5.551580852448565473e-01
5.524883951332655307e-01
5.480436820151542987e-01
5.452626153053543590e-01
5.467965203421190079e-01
5.414267294323727997e-01
5.380844583920461055e-01
5.304500937306594333e-01
5.213604802242595149e-01
5.198791132931780412e-01
5.015838006099110347e-01
5.156603808389226273e-01
5.162490806190631609e-01
5.023899874098654017e-01
5.043119858765044983e-01
4.601720988506484145e-01
4.936367241586825938e-01
4.412732866096084616e-01
4.416663896967754632e-01
4.308878834743268271e-01
4.136186974536843475e-01
4.001367090236104818e-01
4.004855747257840548e-01
3.633196628579129506e-01
3.580941813480065239e-01
3.515071272055680929e-01
3.332045385488977551e-01
3.220811770775259819e-01
3.138421390595287352e-01
3.373340811976235365e-01
3.267099662058911003e-01
3.274769226742249573e-01
3.743911787205443931e-01
3.679287843297159855e-01
3.316113702961894782e-01
3.780592812467372665e-01
3.518640838780238145e-01
3.468857183858429782e-01
3.539372532853112818e-01
3.668424428141431326e-01
3.897883950484401505e-01
3.922381675323161621e-01
3.581839018042894396e-01
3.796902538094070745e-01
3.989438551490738227e-01
4.424024241803128921e-01
4.744183305122491312e-01
4.836380502199967846e-01
4.855492318714665356e-01
4.854979788040883482e-01
4.933095394605768180e-01
5.037538837325911123e-01
5.077629532944425428e-01
5.019154491832434895e-01
5.190667961970093502e-01
4.964645140182891159e-01
5.097873324349646573e-01
4.739976946341972197e-01
4.846970788991388779e-01
4.610063843366387637e-01
4.675942375037063781e-01
4.824759326555452810e-01
4.728680655278660883e-01
4.819744756125467489e-01
5.051022315463279400e-01
4.897505758672686671e-01
4.981712721293532486e-01
4.952347530895056527e-01
5.055747052259897956e-01
5.010492800587504902e-01
4.999789405903611317e-01
5.014796629367194170e-01
5.078983798409894002e-01
5.176027807974618034e-01
5.233221546767143906e-01
5.187442196379883352e-01
5.199009476643309258e-01
5.133275432436050778e-01
4.983852733400714885e-01
5.032515514909978727e-01
5.006594779720336952e-01
5.120991279589507394e-01
5.116552471380669820e-01
5.019364129900475424e-01
5.039218050308084118e-01
4.906263691418964457e-01
4.951956017954923239e-01
5.134640020034867414e-01
5.189757935880359163e-01
4.887291438226992746e-01
4.802477135480025527e-01
5.288806270525318043e-01
5.312959156192273991e-01
5.317525358064826291e-01
5.371144157628595650e-01
5.388114827176444521e-01
5.347023805363740889e-01
5.407025097480899767e-01
5.395158395289811892e-01
5.418089855788338349e-01
5.375147756074822869e-01
5.425659000302442969e-01
5.534092713063337721e-01
5.576684307606315505e-01
5.551741754104877469e-01
5.531049440696187425e-01
5.547595917972268920e-01
5.605276008603514715e-01
5.761199296683506832e-01
5.753798536938160568e-01
5.831621805068265552e-01
6.393357048924860342e-01
6.406964524912457382e-01
6.475061162350941313e-01
6.377345836677394963e-01
6.404035916051364907e-01
6.399863178542514186e-01
6.231904038521921541e-01
6.438555733139184056e-01
6.245089641316856621e-01
5.393913802225349663e-01
6.763325610122234988e-01
6.716046439467957541e-01
6.939009921380315804e-01
6.892518230358574138e-01
6.830180084738420865e-01
6.970032368764330633e-01
6.792350823171070529e-01
6.967838106206530879e-01
6.954559013633070386e-01
6.869744045666135168e-01
6.953371781270176744e-01
6.910079467603147396e-01
6.984096633132426124e-01
7.000756179420905001e-01
7.000923987256513215e-01
6.877781568793478462e-01
6.859485583802018560e-01
6.867065381774377641e-01
6.840104326254176081e-01
6.944108471223513490e-01
6.900339864656745981e-01
6.958094141915401876e-01
6.929749649081828888e-01
6.838683030846426369e-01
6.886033780623374012e-01
6.887032955547851554e-01
6.939258832027793700e-01
6.828956499177362138e-01
6.905784144017088622e-01
